0 0.299740 0.626389 0.027604 0.025000
0 0.354948 0.623148 0.024479 0.029630
0 0.384896 0.615278 0.027083 0.030556
0 0.429427 0.601389 0.028646 0.037963
0 0.417448 0.633796 0.010937 0.023148
0 0.454948 0.605093 0.024479 0.030556
0 0.444271 0.633333 0.028125 0.029630
0 0.475000 0.599074 0.019792 0.033333
0 0.489844 0.640278 0.028646 0.028704
0 0.565625 0.701389 0.022917 0.034259
0 0.591146 0.695833 0.019792 0.034259
0 0.643229 0.703704 0.026042 0.040741
0 0.741406 0.634259 0.019271 0.020370
0 0.786979 0.635185 0.017708 0.020370
