0 0.119271 0.881019 0.021875 0.030556
0 0.198177 0.652778 0.025521 0.033333
0 0.264583 0.653241 0.022917 0.034259
0 0.287760 0.661111 0.021354 0.029630
0 0.312240 0.649074 0.022396 0.040741
0 0.338281 0.641667 0.023438 0.035185
0 0.345573 0.656481 0.019271 0.027778
0 0.364323 0.634259 0.020313 0.024074
0 0.361458 0.662963 0.023958 0.033333
0 0.413542 0.613426 0.027083 0.037963
0 0.533073 0.625926 0.019271 0.031481
0 0.658073 0.590278 0.021354 0.047222
0 0.722396 0.584722 0.019792 0.037963
0 0.793750 0.588889 0.027083 0.029630
0 0.836979 0.601852 0.023958 0.037037
0 0.882552 0.596296 0.034896 0.038889
