0 0.264583 0.596759 0.018750 0.034259
0 0.317969 0.614352 0.025521 0.041667
0 0.346094 0.609259 0.015104 0.031481
0 0.385677 0.599074 0.017188 0.024074
0 0.379688 0.615741 0.017708 0.029630
0 0.414583 0.595833 0.020833 0.032407
0 0.412240 0.618519 0.021354 0.027778
0 0.438281 0.600000 0.019271 0.027778
0 0.448958 0.620833 0.013542 0.019444
0 0.526042 0.670370 0.017708 0.037037
0 0.547656 0.690741 0.020313 0.035185
0 0.589583 0.678704 0.015625 0.020370
0 0.688542 0.626389 0.017708 0.030556
0 0.737760 0.631481 0.022396 0.027778
