0 0.055208 0.625000 0.027083 0.040741
0 0.114844 0.612500 0.027604 0.032407
0 0.113542 0.630093 0.012500 0.023148
0 0.148958 0.611111 0.025000 0.040741
0 0.182031 0.593981 0.022396 0.039815
0 0.200781 0.588889 0.017188 0.037037
0 0.178646 0.631944 0.022917 0.032407
0 0.213281 0.630556 0.017188 0.029630
0 0.241667 0.593981 0.023958 0.028704
0 0.245573 0.625000 0.022396 0.027778
0 0.305729 0.625926 0.030208 0.038889
0 0.430990 0.676389 0.015104 0.028704
0 0.503906 0.676852 0.023438 0.035185
0 0.567708 0.668981 0.012500 0.028704
0 0.669792 0.607407 0.022917 0.040741
0 0.720052 0.602778 0.027604 0.050000
