0 0.086719 0.454167 0.040104 0.017593
0 0.113021 0.475463 0.034375 0.017593
0 0.132552 0.479630 0.040104 0.024074
0 0.141667 0.500463 0.026042 0.034259
0 0.360417 0.603241 0.029167 0.037963
0 0.382292 0.593981 0.025000 0.028704
0 0.404687 0.600926 0.028125 0.035185
0 0.391667 0.669907 0.038542 0.034259
0 0.485156 0.606019 0.039062 0.028704
0 0.534115 0.600463 0.033854 0.028704
0 0.630469 0.591204 0.044271 0.030556
0 0.599219 0.657407 0.030729 0.024074
0 0.690365 0.566204 0.028646 0.034259
0 0.751563 0.536574 0.027083 0.030556
0 0.794271 0.537037 0.021875 0.022222
