0 0.204687 0.590741 0.019792 0.020370
0 0.253646 0.600926 0.015625 0.024074
0 0.286458 0.601852 0.021875 0.022222
0 0.318229 0.599537 0.022917 0.030556
0 0.349740 0.589352 0.016146 0.017593
0 0.348177 0.603704 0.017188 0.018519
0 0.360156 0.608796 0.015104 0.028704
0 0.369792 0.593519 0.016667 0.016667
0 0.396875 0.616204 0.027083 0.028704
0 0.463802 0.673148 0.016146 0.024074
0 0.488021 0.678704 0.019792 0.029630
0 0.528646 0.672222 0.025000 0.029630
0 0.598177 0.627315 0.022396 0.023148
0 0.642188 0.633333 0.022917 0.022222
