0 0.075521 0.460648 0.029167 0.019444
0 0.105469 0.469907 0.040104 0.021296
0 0.125260 0.491667 0.029687 0.024074
0 0.136979 0.503704 0.040625 0.016667
0 0.371875 0.598148 0.033333 0.031481
0 0.392969 0.598611 0.017188 0.032407
0 0.413542 0.595833 0.028125 0.030556
0 0.401042 0.660648 0.026042 0.028704
0 0.491667 0.599537 0.029167 0.025000
0 0.544010 0.600000 0.025521 0.027778
0 0.602083 0.671296 0.042708 0.025926
0 0.642188 0.586111 0.029167 0.031481
0 0.696094 0.580093 0.036979 0.032407
0 0.753385 0.547685 0.032813 0.043519
0 0.794792 0.538889 0.032292 0.027778
