0 0.235937 0.415741 0.041667 0.042593
0 0.265104 0.434259 0.041667 0.042593
0 0.305469 0.444907 0.029687 0.050926
0 0.319271 0.468519 0.022917 0.050000
0 0.456250 0.529167 0.046875 0.026852
0 0.509635 0.536111 0.050521 0.027778
0 0.544010 0.510185 0.048438 0.037037
0 0.609896 0.512037 0.036458 0.055556
0 0.662500 0.516204 0.050000 0.037963
0 0.704167 0.546296 0.044792 0.033333
0 0.745313 0.525000 0.043750 0.035185
0 0.781250 0.543056 0.044792 0.028704
0 0.824219 0.535648 0.042188 0.036111
0 0.867448 0.556019 0.032813 0.032407
0 0.922135 0.551389 0.044271 0.037963
