0 0.007031 0.604167 0.013021 0.034259
0 0.050521 0.592130 0.013542 0.036111
0 0.062240 0.595370 0.016146 0.038889
0 0.106510 0.607407 0.019271 0.033333
0 0.096354 0.576389 0.021875 0.034259
0 0.123438 0.567593 0.016667 0.031481
0 0.145313 0.569444 0.015625 0.033333
0 0.152604 0.597685 0.017708 0.036111
0 0.186719 0.563889 0.024479 0.044444
0 0.188802 0.607870 0.016146 0.034259
0 0.253385 0.610185 0.015104 0.040741
0 0.385417 0.646296 0.021875 0.031481
0 0.457552 0.641667 0.027604 0.048148
0 0.529427 0.645833 0.022396 0.047222
0 0.624219 0.582407 0.019271 0.038889
0 0.671875 0.576852 0.026042 0.035185
