0 0.258333 0.587963 0.018750 0.029630
0 0.303646 0.581481 0.012500 0.016667
0 0.305208 0.596296 0.020833 0.020370
0 0.338021 0.585185 0.017708 0.022222
0 0.357812 0.584722 0.019792 0.025000
0 0.377344 0.575926 0.016146 0.020370
0 0.394010 0.567593 0.021354 0.022222
0 0.390885 0.586111 0.018229 0.024074
0 0.411979 0.570370 0.015625 0.014815
0 0.414583 0.610648 0.020833 0.021296
0 0.441667 0.589815 0.018750 0.031481
0 0.488802 0.636111 0.014063 0.024074
0 0.514844 0.644444 0.025521 0.031481
0 0.541667 0.641204 0.016667 0.028704
0 0.582031 0.620833 0.022396 0.021296
0 0.550781 0.715741 0.019271 0.027778
