0 0.179167 0.490741 0.051042 0.040741
0 0.192188 0.526852 0.047917 0.031481
0 0.219531 0.504630 0.055729 0.033333
0 0.227344 0.534259 0.033854 0.031481
0 0.276302 0.543056 0.050521 0.039815
0 0.317448 0.531481 0.049479 0.044444
0 0.343229 0.555093 0.036458 0.034259
0 0.384115 0.556481 0.046354 0.046296
0 0.440365 0.579630 0.046354 0.055556
0 0.468490 0.632870 0.043229 0.030556
0 0.505990 0.626389 0.031771 0.028704
0 0.546875 0.666667 0.035417 0.027778
0 0.574479 0.616204 0.043750 0.030556
0 0.629948 0.604167 0.046354 0.032407
0 0.691146 0.583796 0.041667 0.049074
0 0.784896 0.587037 0.036458 0.029630
0 0.863281 0.596759 0.043229 0.034259
