0 0.119531 0.854630 0.021354 0.025926
0 0.194792 0.638426 0.016667 0.026852
0 0.262760 0.642130 0.019271 0.036111
0 0.276562 0.640278 0.015625 0.025000
0 0.311198 0.646759 0.015104 0.032407
0 0.336198 0.644907 0.019271 0.026852
0 0.343229 0.658333 0.010417 0.024074
0 0.363802 0.659259 0.017188 0.033333
0 0.355990 0.625000 0.022396 0.033333
0 0.407813 0.610185 0.019792 0.024074
0 0.524479 0.609722 0.016667 0.017593
0 0.658073 0.582407 0.019271 0.031481
0 0.721615 0.576852 0.019271 0.035185
0 0.796354 0.571759 0.026042 0.037963
0 0.838021 0.581944 0.014583 0.030556
0 0.880208 0.578241 0.027083 0.037963
