0 0.284375 0.647685 0.016667 0.025000
0 0.336198 0.640278 0.022396 0.037963
0 0.368229 0.625000 0.017708 0.035185
0 0.405729 0.612500 0.022917 0.030556
0 0.433854 0.615741 0.017708 0.038889
0 0.457031 0.600463 0.024479 0.041667
0 0.412500 0.659259 0.025000 0.020370
0 0.439583 0.650463 0.018750 0.030556
0 0.471354 0.655556 0.015625 0.025926
0 0.422396 0.677778 0.026042 0.029630
0 0.566406 0.727315 0.017188 0.026852
0 0.596615 0.721759 0.019271 0.026852
0 0.648438 0.731019 0.025000 0.034259
0 0.766927 0.646759 0.015104 0.030556
0 0.814063 0.655556 0.021875 0.022222
