0 0.212760 0.515741 0.045312 0.027778
0 0.210417 0.528704 0.038542 0.020370
0 0.209635 0.545833 0.040104 0.028704
0 0.313021 0.576852 0.035417 0.029630
0 0.338281 0.579630 0.039062 0.033333
0 0.377083 0.602778 0.030208 0.031481
0 0.325000 0.632407 0.041667 0.035185
0 0.451302 0.592130 0.025521 0.052778
0 0.499479 0.606481 0.029167 0.029630
0 0.590104 0.650000 0.044792 0.037037
0 0.651563 0.673148 0.032292 0.033333
0 0.705469 0.669444 0.035937 0.033333
0 0.778906 0.647685 0.036979 0.030556
0 0.828125 0.653704 0.027083 0.031481
