0 0.138802 0.449537 0.072396 0.034259
0 0.142969 0.469907 0.059896 0.034259
0 0.185938 0.491204 0.041667 0.039815
0 0.214062 0.517130 0.051042 0.030556
0 0.277865 0.537037 0.063021 0.046296
0 0.288542 0.581481 0.038542 0.031481
0 0.358854 0.600926 0.038542 0.033333
0 0.372917 0.562963 0.037500 0.025926
0 0.416406 0.551852 0.044271 0.064815
0 0.439844 0.612037 0.056771 0.031481
0 0.488802 0.618519 0.042188 0.035185
0 0.539583 0.585648 0.038542 0.036111
0 0.594792 0.579630 0.048958 0.035185
0 0.654167 0.576389 0.052083 0.028704
0 0.569792 0.641667 0.057292 0.033333
0 0.768229 0.563426 0.042708 0.021296
0 0.847917 0.556019 0.046875 0.034259
