0 0.008073 0.428704 0.015104 0.027778
0 0.027604 0.440741 0.031250 0.020370
0 0.048177 0.440741 0.028646 0.029630
0 0.366667 0.558796 0.027083 0.034259
0 0.389062 0.567130 0.033333 0.026852
0 0.423958 0.568519 0.032292 0.024074
0 0.407552 0.626852 0.030729 0.024074
0 0.476302 0.560648 0.031771 0.023148
0 0.544792 0.575000 0.046875 0.044444
0 0.619792 0.537500 0.039583 0.025000
0 0.668229 0.521296 0.034375 0.033333
0 0.703646 0.510648 0.033333 0.030556
0 0.737760 0.523148 0.033854 0.029630
0 0.585938 0.659259 0.037500 0.025926
