0 0.223698 0.572222 0.023438 0.024074
0 0.267969 0.569907 0.023438 0.026852
0 0.301563 0.567130 0.017708 0.019444
0 0.321875 0.568056 0.011458 0.019444
0 0.335156 0.553704 0.021354 0.027778
0 0.352604 0.535648 0.019792 0.021296
0 0.372135 0.539352 0.020313 0.032407
0 0.357292 0.568519 0.019792 0.022222
0 0.401042 0.573611 0.017708 0.028704
0 0.377865 0.586574 0.016146 0.030556
0 0.460156 0.630556 0.023438 0.031481
0 0.482552 0.634722 0.017188 0.023148
0 0.509896 0.631019 0.013542 0.021296
0 0.558073 0.602778 0.019271 0.031481
0 0.561979 0.665278 0.021875 0.032407
