0 0.209115 0.710648 0.018229 0.021296
0 0.240104 0.582407 0.022917 0.024074
0 0.314063 0.575000 0.032292 0.029630
0 0.358073 0.566667 0.015104 0.025926
0 0.380729 0.559722 0.016667 0.032407
0 0.400000 0.557870 0.016667 0.025000
0 0.391406 0.574074 0.020313 0.016667
0 0.414583 0.577315 0.020833 0.019444
0 0.455990 0.562500 0.018229 0.028704
0 0.554688 0.562963 0.019792 0.027778
0 0.690365 0.570370 0.025521 0.033333
0 0.762240 0.562500 0.017188 0.026852
0 0.843750 0.549537 0.023958 0.032407
0 0.898177 0.522222 0.017188 0.033333
0 0.931771 0.528241 0.017708 0.034259
