0 0.217448 0.626389 0.019271 0.036111
0 0.269271 0.611574 0.025000 0.047222
0 0.301563 0.599074 0.018750 0.046296
0 0.347656 0.608796 0.022396 0.045370
0 0.371094 0.602315 0.015104 0.039815
0 0.391927 0.593981 0.019271 0.043519
0 0.384375 0.626852 0.015625 0.024074
0 0.361719 0.631944 0.023438 0.021296
0 0.365104 0.671296 0.018750 0.038889
0 0.424219 0.643519 0.017188 0.031481
0 0.526823 0.703704 0.019271 0.029630
0 0.578906 0.697685 0.030729 0.030556
0 0.633594 0.698148 0.020313 0.029630
0 0.760156 0.615741 0.019271 0.037037
0 0.806250 0.612500 0.017708 0.025000
