0 0.080469 0.635648 0.025521 0.039815
0 0.127344 0.621296 0.017188 0.025926
0 0.136198 0.624537 0.011979 0.036111
0 0.167708 0.606481 0.014583 0.037037
0 0.204167 0.600926 0.013542 0.029630
0 0.203385 0.629630 0.023438 0.031481
0 0.220573 0.601389 0.011979 0.028704
0 0.233073 0.623611 0.021354 0.025000
0 0.261719 0.594907 0.024479 0.037963
0 0.265885 0.634259 0.021354 0.027778
0 0.319010 0.636574 0.018229 0.032407
0 0.451823 0.679167 0.019271 0.026852
0 0.521875 0.674537 0.022917 0.023148
0 0.588021 0.686574 0.021875 0.028704
0 0.686198 0.608796 0.019271 0.030556
0 0.735938 0.601389 0.019792 0.041667
