0 0.204948 0.507870 0.065104 0.047222
0 0.221354 0.490741 0.044792 0.033333
0 0.246615 0.495833 0.032813 0.030556
0 0.265365 0.533796 0.050521 0.028704
0 0.309115 0.541204 0.042188 0.032407
0 0.353385 0.548148 0.044271 0.037037
0 0.371094 0.569907 0.042188 0.026852
0 0.388542 0.588889 0.034375 0.029630
0 0.429688 0.607870 0.044792 0.034259
0 0.477344 0.580093 0.045312 0.028704
0 0.499219 0.612963 0.041146 0.024074
0 0.560937 0.617130 0.047917 0.037963
0 0.628646 0.600000 0.052083 0.040741
0 0.679167 0.604167 0.036458 0.032407
0 0.722656 0.621296 0.040104 0.029630
0 0.780990 0.601852 0.043229 0.027778
0 0.842708 0.589815 0.037500 0.035185
