0 0.044271 0.580556 0.021875 0.020370
0 0.058594 0.593519 0.010937 0.025926
0 0.070052 0.602778 0.019271 0.029630
0 0.096354 0.582407 0.017708 0.044444
0 0.116927 0.577315 0.015104 0.026852
0 0.139323 0.575463 0.019271 0.030556
0 0.141927 0.598611 0.015104 0.030556
0 0.178125 0.574537 0.016667 0.034259
0 0.190625 0.596296 0.020833 0.027778
0 0.259115 0.600926 0.027604 0.042593
0 0.393750 0.623611 0.015625 0.043519
0 0.466146 0.620833 0.020833 0.028704
0 0.542969 0.615741 0.023438 0.038889
0 0.627604 0.576389 0.027083 0.039815
0 0.669792 0.575463 0.022917 0.032407
