0 0.294010 0.642593 0.033854 0.027778
0 0.333073 0.640278 0.021354 0.025000
0 0.341146 0.625000 0.010417 0.022222
0 0.372917 0.625926 0.022917 0.016667
0 0.411458 0.618981 0.023958 0.030556
0 0.439583 0.607870 0.012500 0.028704
0 0.455469 0.590278 0.017188 0.034259
0 0.413281 0.654167 0.010937 0.015741
0 0.423177 0.658333 0.015104 0.048148
0 0.441406 0.659259 0.018229 0.027778
0 0.475000 0.666204 0.019792 0.034259
0 0.566927 0.718981 0.016146 0.032407
0 0.596354 0.722685 0.015625 0.037963
0 0.651823 0.729630 0.022396 0.025926
0 0.769010 0.638889 0.019271 0.040741
0 0.811458 0.650926 0.020833 0.031481
