0 0.123698 0.530093 0.069271 0.043519
0 0.170573 0.609722 0.046354 0.030556
0 0.217708 0.536574 0.039583 0.045370
0 0.254167 0.539352 0.052083 0.039815
0 0.322396 0.555556 0.052083 0.040741
0 0.370052 0.604630 0.052604 0.035185
0 0.413542 0.647222 0.048958 0.062963
0 0.449740 0.717593 0.061979 0.033333
0 0.497917 0.534259 0.063542 0.046296
0 0.498437 0.647222 0.048958 0.044444
0 0.558073 0.571759 0.045312 0.043519
0 0.565885 0.602778 0.045312 0.044444
0 0.622135 0.623611 0.057813 0.050926
0 0.648958 0.574074 0.041667 0.048148
0 0.726823 0.526852 0.045312 0.044444
0 0.801302 0.538889 0.041146 0.027778
0 0.751823 0.611111 0.056771 0.048148
