0 0.083594 0.606481 0.016146 0.031481
0 0.137760 0.603241 0.015104 0.023148
0 0.151302 0.598611 0.020313 0.037963
0 0.130990 0.635648 0.022396 0.026852
0 0.194271 0.600926 0.021875 0.035185
0 0.213802 0.600000 0.016146 0.031481
0 0.233854 0.601389 0.019792 0.021296
0 0.233333 0.618981 0.014583 0.017593
0 0.273698 0.598611 0.021354 0.023148
0 0.290104 0.623148 0.018750 0.029630
0 0.370052 0.630556 0.031771 0.037037
0 0.506250 0.635648 0.019792 0.026852
0 0.578125 0.614352 0.025000 0.039815
0 0.653385 0.620833 0.024479 0.019444
0 0.731250 0.593519 0.017708 0.033333
0 0.764844 0.592130 0.016146 0.023148
