0 0.019010 0.599537 0.025521 0.037963
0 0.076823 0.614815 0.020313 0.040741
0 0.065104 0.590741 0.020833 0.027778
0 0.110156 0.591667 0.023438 0.029630
0 0.127604 0.614352 0.027083 0.026852
0 0.137500 0.576389 0.011458 0.019444
0 0.158594 0.576852 0.019271 0.027778
0 0.169792 0.612500 0.021875 0.030556
0 0.202344 0.576852 0.020313 0.035185
0 0.205208 0.602778 0.022917 0.025926
0 0.267969 0.617130 0.024479 0.037963
0 0.397917 0.652315 0.023958 0.028704
0 0.466406 0.655556 0.020313 0.022222
0 0.541406 0.643981 0.025521 0.036111
0 0.634115 0.587037 0.019271 0.033333
0 0.678646 0.589352 0.017708 0.025000
