0 0.261198 0.611574 0.022396 0.034259
0 0.313281 0.600463 0.022396 0.039815
0 0.348438 0.597685 0.022917 0.028704
0 0.380208 0.596296 0.015625 0.020370
0 0.376302 0.622685 0.021354 0.025000
0 0.412760 0.596759 0.018229 0.021296
0 0.409635 0.623148 0.020313 0.031481
0 0.434635 0.590278 0.016146 0.028704
0 0.448698 0.634259 0.021354 0.027778
0 0.521354 0.685648 0.019792 0.030556
0 0.547135 0.677315 0.021354 0.037963
0 0.591667 0.681944 0.016667 0.025000
0 0.677344 0.625000 0.017188 0.022222
0 0.727604 0.627778 0.018750 0.027778
