0 0.042708 0.580556 0.017708 0.025926
0 0.053125 0.601852 0.019792 0.024074
0 0.087240 0.579630 0.023438 0.024074
0 0.092969 0.605556 0.017188 0.031481
0 0.116406 0.572222 0.018229 0.024074
0 0.138802 0.572685 0.021354 0.026852
0 0.143490 0.604167 0.018229 0.032407
0 0.176563 0.573148 0.015625 0.035185
0 0.180208 0.603241 0.015625 0.037963
0 0.243490 0.608796 0.022396 0.034259
0 0.380208 0.643056 0.020833 0.034259
0 0.452083 0.643519 0.022917 0.029630
0 0.522917 0.631481 0.017708 0.042593
0 0.615365 0.580093 0.017188 0.034259
0 0.661198 0.579630 0.029687 0.035185
