0 0.296875 0.633333 0.026042 0.031481
0 0.345313 0.643056 0.021875 0.034259
0 0.354427 0.625926 0.024479 0.031481
0 0.382031 0.625926 0.017188 0.024074
0 0.428125 0.619444 0.033333 0.031481
0 0.449479 0.599537 0.017708 0.037963
0 0.471094 0.606019 0.016146 0.028704
0 0.419271 0.647222 0.014583 0.016667
0 0.434115 0.654630 0.014063 0.031481
0 0.454948 0.653704 0.022396 0.022222
0 0.485938 0.659722 0.020833 0.030556
0 0.569792 0.706481 0.018750 0.033333
0 0.600000 0.713889 0.020833 0.027778
0 0.647656 0.720370 0.017188 0.027778
0 0.767969 0.636574 0.028646 0.032407
0 0.809635 0.650000 0.025521 0.029630
