0 0.266406 0.612500 0.028646 0.036111
0 0.316667 0.608796 0.019792 0.030556
0 0.346875 0.604167 0.013542 0.026852
0 0.384896 0.594907 0.018750 0.025000
0 0.379167 0.625463 0.019792 0.030556
0 0.413802 0.596759 0.019271 0.021296
0 0.411198 0.619444 0.026562 0.025926
0 0.443229 0.595370 0.026042 0.025926
0 0.449219 0.628241 0.020313 0.021296
0 0.526563 0.687963 0.016667 0.025926
0 0.551562 0.677778 0.020833 0.024074
0 0.598437 0.691667 0.030208 0.029630
0 0.690625 0.630556 0.017708 0.037037
0 0.742969 0.622222 0.028646 0.031481
