0 0.017708 0.591667 0.019792 0.038889
0 0.065365 0.592130 0.020313 0.030556
0 0.083594 0.600000 0.020313 0.035185
0 0.083073 0.627315 0.028646 0.026852
0 0.117448 0.592130 0.017188 0.043519
0 0.146615 0.593981 0.013021 0.036111
0 0.164323 0.583333 0.015104 0.033333
0 0.165104 0.607407 0.015625 0.020370
0 0.203646 0.587963 0.019792 0.037037
0 0.216146 0.610648 0.029167 0.026852
0 0.291146 0.606481 0.020833 0.037037
0 0.425781 0.633333 0.021354 0.024074
0 0.498698 0.624537 0.016146 0.028704
0 0.572396 0.620370 0.020833 0.037037
0 0.658073 0.578704 0.023438 0.044444
0 0.695833 0.583796 0.020833 0.039815
