0 0.135156 0.780093 0.024479 0.034259
0 0.184896 0.623611 0.014583 0.023148
0 0.248438 0.616204 0.017708 0.028704
0 0.263021 0.604167 0.011458 0.032407
0 0.302865 0.604630 0.020313 0.027778
0 0.328646 0.611111 0.016667 0.025926
0 0.332292 0.632870 0.018750 0.025000
0 0.356771 0.635648 0.025000 0.028704
0 0.347917 0.599074 0.018750 0.029630
0 0.401562 0.595370 0.018750 0.031481
0 0.505208 0.604630 0.021875 0.025926
0 0.642969 0.592130 0.023438 0.036111
0 0.712760 0.578241 0.019271 0.043519
0 0.793750 0.575463 0.022917 0.032407
0 0.836458 0.554167 0.022917 0.037963
0 0.874740 0.560185 0.022396 0.035185
