0 0.215104 0.478704 0.061458 0.038889
0 0.233594 0.486574 0.046354 0.054630
0 0.270573 0.502778 0.034896 0.016667
0 0.284635 0.511111 0.042188 0.042593
0 0.333854 0.537037 0.040625 0.031481
0 0.388802 0.535648 0.034896 0.025000
0 0.383073 0.564352 0.038021 0.045370
0 0.420833 0.546759 0.036458 0.034259
0 0.495312 0.547685 0.039583 0.030556
0 0.529427 0.600926 0.039062 0.046296
0 0.560417 0.591667 0.052083 0.044444
0 0.618490 0.599074 0.059896 0.044444
0 0.613542 0.640741 0.052083 0.029630
0 0.687240 0.571296 0.034896 0.037037
0 0.754427 0.569907 0.048438 0.034259
0 0.855729 0.574537 0.058333 0.030556
0 0.928906 0.575000 0.049479 0.029630
