0 0.231510 0.590741 0.026562 0.037037
0 0.282292 0.607407 0.021875 0.029630
0 0.312240 0.606944 0.019271 0.030556
0 0.346094 0.595833 0.016146 0.012037
0 0.345833 0.608796 0.018750 0.021296
0 0.376823 0.594907 0.018229 0.013889
0 0.377604 0.612963 0.011458 0.018519
0 0.386198 0.612500 0.013021 0.028704
0 0.400000 0.602315 0.011458 0.019444
0 0.419271 0.618056 0.013542 0.021296
0 0.491146 0.669444 0.014583 0.020370
0 0.511719 0.682407 0.014063 0.018519
0 0.553125 0.674537 0.017708 0.023148
0 0.632552 0.625926 0.020313 0.022222
0 0.682031 0.635185 0.017188 0.025926
