0 0.132552 0.441204 0.059896 0.028704
0 0.148698 0.456019 0.046354 0.037963
0 0.186979 0.500926 0.036458 0.027778
0 0.220052 0.511111 0.044271 0.042593
0 0.283854 0.540278 0.036458 0.043519
0 0.294271 0.583796 0.057292 0.041667
0 0.370052 0.568519 0.041146 0.031481
0 0.370573 0.618056 0.051562 0.032407
0 0.419271 0.569907 0.031250 0.039815
0 0.441667 0.606019 0.053125 0.050926
0 0.489323 0.620370 0.057813 0.031481
0 0.537760 0.588426 0.045312 0.025000
0 0.594792 0.590278 0.035417 0.036111
0 0.580729 0.633333 0.060417 0.042593
0 0.650781 0.575000 0.042188 0.029630
0 0.769010 0.559722 0.057813 0.019444
0 0.850521 0.536111 0.055208 0.055556
