0 0.133333 0.331944 0.047917 0.050926
0 0.133073 0.340278 0.052604 0.034259
0 0.270052 0.369444 0.040104 0.018519
0 0.293750 0.379630 0.039583 0.016667
0 0.309635 0.393981 0.043229 0.017593
0 0.329688 0.410648 0.039583 0.030556
0 0.359375 0.417593 0.042708 0.038889
0 0.403125 0.430093 0.048958 0.034259
0 0.446354 0.421296 0.053125 0.029630
0 0.482812 0.412037 0.035417 0.035185
0 0.538281 0.454630 0.041146 0.031481
0 0.589844 0.458333 0.040104 0.046296
0 0.666667 0.497685 0.058333 0.032407
0 0.703385 0.527315 0.048438 0.036111
0 0.727865 0.518056 0.038021 0.034259
0 0.769531 0.493056 0.041146 0.043519
0 0.808854 0.483796 0.039583 0.039815
