0 0.105729 0.836111 0.026042 0.038889
0 0.172135 0.641667 0.022396 0.027778
0 0.241927 0.641204 0.020313 0.041667
0 0.254688 0.636574 0.017708 0.030556
0 0.285677 0.642130 0.021354 0.039815
0 0.314583 0.653704 0.017708 0.031481
0 0.322656 0.665278 0.016146 0.013889
0 0.333594 0.635648 0.017188 0.028704
0 0.338542 0.655556 0.019792 0.018519
0 0.381771 0.627778 0.020833 0.027778
0 0.499740 0.607870 0.021354 0.028704
0 0.632552 0.587500 0.022396 0.026852
0 0.696875 0.582407 0.014583 0.024074
0 0.772396 0.579167 0.021875 0.034259
0 0.818750 0.581944 0.014583 0.036111
0 0.859375 0.575463 0.015625 0.036111
