0 0.220052 0.627778 0.024479 0.033333
0 0.269010 0.623148 0.018229 0.044444
0 0.301823 0.608796 0.016146 0.034259
0 0.346354 0.606944 0.018750 0.034259
0 0.370833 0.596759 0.022917 0.028704
0 0.396875 0.598148 0.010417 0.027778
0 0.365885 0.634259 0.017188 0.027778
0 0.389583 0.641204 0.014583 0.026852
0 0.365365 0.684722 0.019271 0.030556
0 0.432552 0.651389 0.022396 0.037963
0 0.543490 0.702778 0.017188 0.024074
0 0.591927 0.706481 0.017188 0.027778
0 0.651042 0.701852 0.022917 0.025926
0 0.777865 0.616667 0.016146 0.038889
0 0.825000 0.620833 0.015625 0.026852
