0 0.212760 0.608333 0.018229 0.035185
0 0.257552 0.626389 0.011979 0.037963
0 0.263281 0.597222 0.016146 0.025926
0 0.293750 0.605556 0.014583 0.029630
0 0.338542 0.586111 0.014583 0.037037
0 0.364063 0.581019 0.016667 0.037963
0 0.385417 0.599074 0.012500 0.031481
0 0.350000 0.625463 0.018750 0.026852
0 0.374740 0.636574 0.015104 0.032407
0 0.353125 0.671759 0.017708 0.034259
0 0.414844 0.637500 0.017188 0.025000
0 0.519792 0.704167 0.027083 0.041667
0 0.558854 0.703704 0.017708 0.025926
0 0.621615 0.698148 0.016146 0.031481
0 0.747135 0.605556 0.020313 0.037037
0 0.794531 0.613426 0.022396 0.043519
