0 0.012500 0.421296 0.023958 0.018519
0 0.028385 0.429630 0.028646 0.020370
0 0.050521 0.442593 0.030208 0.012963
0 0.367188 0.546296 0.039583 0.033333
0 0.389062 0.560648 0.027083 0.023148
0 0.420573 0.551852 0.028646 0.031481
0 0.404167 0.620370 0.023958 0.016667
0 0.475521 0.557407 0.038542 0.024074
0 0.534635 0.559259 0.034896 0.027778
0 0.579167 0.650926 0.041667 0.029630
0 0.615625 0.525926 0.034375 0.024074
0 0.666146 0.520370 0.034375 0.025926
0 0.703385 0.515278 0.034896 0.032407
0 0.736719 0.513426 0.031771 0.030556
