0 0.244271 0.529167 0.063542 0.028704
0 0.260156 0.588426 0.067187 0.045370
0 0.319531 0.534722 0.046354 0.050926
0 0.361979 0.538426 0.065625 0.030556
0 0.429427 0.551852 0.044271 0.031481
0 0.453125 0.615278 0.063542 0.041667
0 0.507031 0.644907 0.045312 0.039815
0 0.542708 0.710185 0.058333 0.042593
0 0.602865 0.544907 0.057813 0.037963
0 0.581250 0.572222 0.051042 0.038889
0 0.595052 0.641667 0.049479 0.048148
0 0.656771 0.587500 0.054167 0.019444
0 0.704167 0.611574 0.052083 0.028704
0 0.728125 0.571296 0.046875 0.037037
0 0.785937 0.615741 0.046875 0.044444
0 0.838281 0.533333 0.046354 0.037037
0 0.898438 0.529167 0.043750 0.039815
