0 0.187500 0.515741 0.050000 0.048148
0 0.213021 0.500926 0.065625 0.025926
0 0.233073 0.516667 0.045312 0.025926
0 0.260677 0.539815 0.059896 0.024074
0 0.306771 0.556944 0.040625 0.034259
0 0.342187 0.562963 0.045833 0.038889
0 0.363802 0.573148 0.042188 0.042593
0 0.380208 0.610185 0.036458 0.040741
0 0.415104 0.620833 0.040625 0.026852
0 0.477344 0.591204 0.056771 0.034259
0 0.501042 0.629167 0.036458 0.034259
0 0.559115 0.634259 0.044271 0.024074
0 0.628385 0.616204 0.040104 0.030556
0 0.673958 0.624074 0.035417 0.033333
0 0.716406 0.636574 0.041146 0.025000
0 0.780208 0.626852 0.054167 0.044444
0 0.836719 0.612963 0.044271 0.044444
