0 0.194531 0.623148 0.017188 0.031481
0 0.241927 0.612037 0.019271 0.031481
0 0.276823 0.595370 0.016146 0.022222
0 0.319531 0.601389 0.017188 0.034259
0 0.346354 0.595833 0.018750 0.032407
0 0.369010 0.582407 0.019271 0.038889
0 0.329427 0.633796 0.018229 0.030556
0 0.353646 0.625000 0.012500 0.035185
0 0.391406 0.629630 0.021354 0.029630
0 0.334115 0.668981 0.021354 0.028704
0 0.488281 0.702778 0.021354 0.027778
0 0.524219 0.706019 0.021354 0.023148
0 0.583333 0.710648 0.023958 0.026852
0 0.710677 0.616667 0.015104 0.029630
0 0.753385 0.615741 0.019271 0.031481
