0 0.207292 0.613426 0.019792 0.037963
0 0.256250 0.614815 0.021875 0.040741
0 0.290365 0.600000 0.019271 0.035185
0 0.331510 0.594907 0.022396 0.045370
0 0.346875 0.625926 0.025000 0.029630
0 0.351823 0.667130 0.026562 0.043519
0 0.357812 0.585648 0.018750 0.037963
0 0.384115 0.589815 0.019271 0.044444
0 0.373698 0.626389 0.019271 0.030556
0 0.411719 0.631481 0.022396 0.033333
0 0.512760 0.695370 0.017188 0.024074
0 0.554688 0.701852 0.019792 0.029630
0 0.611458 0.708796 0.017708 0.030556
0 0.742969 0.617130 0.023438 0.037963
0 0.783073 0.612037 0.018229 0.037037
