0 0.139583 0.427778 0.060417 0.044444
0 0.163802 0.458333 0.045312 0.031481
0 0.200781 0.497222 0.040104 0.027778
0 0.233073 0.518519 0.048438 0.038889
0 0.300521 0.564815 0.052083 0.046296
0 0.315104 0.551389 0.041667 0.032407
0 0.378385 0.562963 0.053646 0.038889
0 0.377083 0.608796 0.053125 0.030556
0 0.459635 0.578241 0.039062 0.037963
0 0.454948 0.620370 0.048438 0.031481
0 0.501563 0.608333 0.056250 0.044444
0 0.541406 0.578704 0.059896 0.037037
0 0.594531 0.583333 0.038021 0.035185
0 0.591406 0.622685 0.048438 0.030556
0 0.646875 0.562037 0.054167 0.031481
0 0.769531 0.535648 0.056771 0.028704
0 0.853385 0.525000 0.045312 0.048148
