0 0.040625 0.446759 0.043750 0.034259
0 0.055469 0.474074 0.035937 0.027778
0 0.087500 0.467593 0.038542 0.020370
0 0.100260 0.494444 0.032813 0.022222
0 0.383594 0.598148 0.035937 0.035185
0 0.402604 0.593981 0.033333 0.039815
0 0.432812 0.593519 0.037500 0.035185
0 0.415365 0.654630 0.047396 0.020370
0 0.496094 0.597222 0.034896 0.029630
0 0.551823 0.587500 0.034896 0.034259
0 0.600260 0.688426 0.038021 0.032407
0 0.641667 0.570833 0.038542 0.026852
0 0.694531 0.556019 0.036979 0.028704
0 0.741927 0.539815 0.032813 0.033333
0 0.776823 0.539352 0.032813 0.032407
