0 0.221875 0.611111 0.025000 0.035185
0 0.271615 0.600926 0.025521 0.029630
0 0.270573 0.634259 0.027604 0.044444
0 0.304167 0.606019 0.022917 0.039815
0 0.343490 0.595833 0.021354 0.036111
0 0.373958 0.598148 0.028125 0.040741
0 0.398177 0.608796 0.022396 0.034259
0 0.358594 0.631944 0.025521 0.034259
0 0.389062 0.637037 0.015625 0.031481
0 0.365625 0.690741 0.019792 0.035185
0 0.428385 0.651852 0.019271 0.033333
0 0.536198 0.703241 0.017188 0.021296
0 0.583333 0.697222 0.022917 0.042593
0 0.643490 0.699537 0.023438 0.037963
0 0.767188 0.608796 0.020833 0.025000
0 0.817187 0.614815 0.020833 0.022222
