0 0.145833 0.625463 0.025000 0.049074
0 0.194792 0.619444 0.028125 0.037037
0 0.200521 0.644907 0.016667 0.026852
0 0.237500 0.633333 0.020833 0.031481
0 0.270052 0.603241 0.021354 0.030556
0 0.290625 0.602315 0.017708 0.032407
0 0.273438 0.658796 0.020833 0.028704
0 0.298438 0.645370 0.017708 0.027778
0 0.325260 0.614352 0.019271 0.032407
0 0.325781 0.636574 0.022396 0.017593
0 0.378125 0.643981 0.017708 0.030556
0 0.504687 0.689815 0.015625 0.022222
0 0.571094 0.685185 0.014063 0.031481
0 0.644010 0.697222 0.028646 0.035185
0 0.746354 0.612963 0.017708 0.037037
0 0.792448 0.621759 0.020313 0.041667
