0 0.276042 0.587500 0.023958 0.030556
0 0.320833 0.587963 0.018750 0.033333
0 0.359115 0.577315 0.023438 0.025000
0 0.375260 0.598148 0.022396 0.022222
0 0.397135 0.568056 0.018229 0.026852
0 0.409375 0.581019 0.016667 0.019444
0 0.402604 0.593981 0.015625 0.026852
0 0.434896 0.579630 0.016667 0.022222
0 0.437500 0.600463 0.016667 0.023148
0 0.461979 0.600463 0.021875 0.025000
0 0.504427 0.644907 0.016146 0.026852
0 0.527604 0.649537 0.019792 0.025000
0 0.550000 0.646296 0.019792 0.027778
0 0.589583 0.612963 0.022917 0.025926
0 0.525260 0.719907 0.025521 0.023148
