0 0.270313 0.589815 0.029167 0.029630
0 0.313021 0.579167 0.021875 0.032407
0 0.345573 0.580556 0.014063 0.027778
0 0.366406 0.585648 0.016146 0.026852
0 0.387500 0.583796 0.016667 0.028704
0 0.403646 0.567593 0.019792 0.038889
0 0.424479 0.562963 0.016667 0.018519
0 0.452865 0.588889 0.018229 0.025926
0 0.420573 0.604167 0.025521 0.021296
0 0.496615 0.632870 0.019271 0.028704
0 0.520833 0.639352 0.021875 0.026852
0 0.551042 0.642130 0.021875 0.032407
0 0.583854 0.610648 0.027083 0.023148
0 0.541406 0.714815 0.028646 0.016667
