0 0.191667 0.494444 0.027083 0.029630
0 0.202344 0.512500 0.036979 0.034259
0 0.200000 0.539815 0.033333 0.035185
0 0.317708 0.592130 0.021875 0.036111
0 0.340365 0.575926 0.020313 0.044444
0 0.382031 0.585648 0.025521 0.030556
0 0.332031 0.648611 0.042188 0.026852
0 0.456510 0.603241 0.028646 0.034259
0 0.505208 0.609259 0.029167 0.031481
0 0.596615 0.652315 0.027604 0.034259
0 0.656250 0.650926 0.027083 0.037037
0 0.709896 0.642593 0.033333 0.040741
0 0.772135 0.612963 0.023438 0.044444
0 0.815104 0.596759 0.031250 0.034259
