0 0.036719 0.612963 0.017188 0.025926
0 0.082031 0.606944 0.011979 0.037963
0 0.092969 0.607407 0.015104 0.042593
0 0.126302 0.602778 0.016146 0.031481
0 0.147656 0.615741 0.015104 0.029630
0 0.157552 0.579167 0.017188 0.034259
0 0.176302 0.582870 0.019271 0.030556
0 0.186458 0.609259 0.020833 0.031481
0 0.221094 0.575000 0.019271 0.038889
0 0.222396 0.609722 0.018750 0.017593
0 0.281510 0.612037 0.020313 0.027778
0 0.409375 0.653704 0.019792 0.024074
0 0.479948 0.655556 0.018229 0.038889
0 0.551042 0.662500 0.020833 0.036111
0 0.648177 0.589815 0.021354 0.027778
0 0.693750 0.597222 0.017708 0.027778
