0 0.178646 0.495833 0.029167 0.017593
0 0.200781 0.476852 0.028646 0.035185
0 0.197396 0.510185 0.046875 0.022222
0 0.201302 0.520833 0.049479 0.025000
0 0.320833 0.576852 0.027083 0.027778
0 0.345052 0.581481 0.021354 0.018519
0 0.377083 0.593519 0.026042 0.022222
0 0.333854 0.646296 0.032292 0.037037
0 0.459896 0.588426 0.030208 0.032407
0 0.510938 0.603241 0.033333 0.034259
0 0.598177 0.645833 0.030729 0.039815
0 0.648698 0.643519 0.038021 0.025926
0 0.703125 0.619444 0.034375 0.029630
0 0.765104 0.592130 0.034375 0.028704
0 0.815104 0.594444 0.035417 0.027778
