0 0.243229 0.601852 0.025000 0.029630
0 0.290625 0.604167 0.019792 0.026852
0 0.323177 0.602778 0.019271 0.031481
0 0.361198 0.598148 0.020313 0.016667
0 0.356250 0.615741 0.014583 0.024074
0 0.389323 0.593981 0.020313 0.023148
0 0.389844 0.620833 0.020313 0.025000
0 0.410938 0.597685 0.016667 0.026852
0 0.429167 0.627778 0.016667 0.022222
0 0.500521 0.678241 0.016667 0.023148
0 0.525521 0.677778 0.026042 0.037037
0 0.571094 0.682870 0.020313 0.032407
0 0.644010 0.631019 0.015104 0.023148
0 0.694531 0.637963 0.019271 0.029630
