0 0.095052 0.622685 0.019271 0.030556
0 0.143229 0.622685 0.015625 0.023148
0 0.154427 0.638426 0.013021 0.019444
0 0.184896 0.621296 0.016667 0.029630
0 0.219792 0.598148 0.014583 0.027778
0 0.238802 0.606481 0.014063 0.024074
0 0.217448 0.644907 0.017188 0.021296
0 0.247135 0.635648 0.017188 0.034259
0 0.277083 0.598148 0.015625 0.027778
0 0.278906 0.632870 0.017188 0.030556
0 0.334896 0.636574 0.013542 0.023148
0 0.464583 0.682870 0.016667 0.026852
0 0.534635 0.670833 0.030729 0.037963
0 0.600260 0.682407 0.015104 0.024074
0 0.703646 0.606481 0.020833 0.029630
0 0.751823 0.613426 0.018229 0.023148
