0 0.188542 0.712037 0.052083 0.050000
0 0.255729 0.649074 0.046875 0.061111
0 0.266146 0.568519 0.055208 0.066667
0 0.320573 0.587037 0.039062 0.035185
0 0.375260 0.605556 0.046354 0.044444
0 0.333594 0.709722 0.047396 0.034259
0 0.417448 0.676389 0.038021 0.041667
0 0.508333 0.671759 0.038542 0.045370
0 0.574740 0.670833 0.044271 0.058333
0 0.647917 0.686574 0.044792 0.060185
0 0.703385 0.685648 0.036979 0.078704
0 0.778906 0.651852 0.044271 0.055556
0 0.870833 0.645833 0.037500 0.054630
0 0.938281 0.650000 0.043229 0.051852
