0 0.142708 0.375463 0.055208 0.034259
0 0.150521 0.395833 0.047917 0.037963
0 0.274479 0.426389 0.041667 0.028704
0 0.296094 0.441204 0.046354 0.023148
0 0.309375 0.456481 0.030208 0.020370
0 0.334375 0.465278 0.034375 0.019444
0 0.359896 0.476852 0.052083 0.027778
0 0.398177 0.487963 0.035937 0.027778
0 0.440365 0.494907 0.042188 0.028704
0 0.484375 0.471759 0.033333 0.030556
0 0.534896 0.503241 0.046875 0.037963
0 0.581771 0.528241 0.046875 0.034259
0 0.659635 0.554167 0.036979 0.037963
0 0.686979 0.578704 0.040625 0.022222
0 0.725000 0.575463 0.041667 0.043519
0 0.762240 0.550926 0.057813 0.037037
0 0.804948 0.534722 0.043229 0.037963
