0 0.271615 0.636111 0.018229 0.044444
0 0.313281 0.645833 0.018229 0.021296
0 0.322135 0.627315 0.017188 0.023148
0 0.353906 0.622685 0.018229 0.023148
0 0.391406 0.609722 0.016146 0.017593
0 0.419531 0.599074 0.023438 0.031481
0 0.440885 0.608796 0.019271 0.025000
0 0.398958 0.647222 0.021875 0.024074
0 0.410677 0.672685 0.021354 0.032407
0 0.427083 0.654630 0.023958 0.031481
0 0.459896 0.652315 0.015625 0.028704
0 0.555208 0.712500 0.017708 0.023148
0 0.587760 0.722222 0.019271 0.029630
0 0.640885 0.731481 0.022396 0.027778
0 0.761458 0.626852 0.013542 0.038889
0 0.803385 0.651389 0.015104 0.030556
