0 0.047135 0.467130 0.026562 0.032407
0 0.074219 0.469444 0.027604 0.031481
0 0.098177 0.486111 0.021354 0.025926
0 0.114583 0.491667 0.045833 0.020370
0 0.379688 0.596296 0.036458 0.024074
0 0.400260 0.603241 0.023438 0.023148
0 0.427083 0.600463 0.030208 0.021296
0 0.412760 0.658796 0.036979 0.019444
0 0.494271 0.603704 0.027083 0.024074
0 0.546875 0.601389 0.027083 0.028704
0 0.639062 0.579167 0.027083 0.025000
0 0.696094 0.562963 0.040104 0.020370
0 0.748177 0.536574 0.035937 0.023148
0 0.784635 0.540741 0.032813 0.029630
0 0.606510 0.680556 0.050521 0.037037
