0 0.115625 0.787963 0.020833 0.046296
0 0.170052 0.624074 0.019271 0.024074
0 0.240104 0.616204 0.026042 0.028704
0 0.280729 0.615278 0.018750 0.021296
0 0.311719 0.617593 0.017188 0.022222
0 0.315625 0.633796 0.017708 0.023148
0 0.323437 0.608796 0.020833 0.030556
0 0.337760 0.639352 0.019271 0.030556
0 0.376823 0.606481 0.022396 0.031481
0 0.490885 0.612500 0.019271 0.045370
0 0.620833 0.585648 0.026042 0.025000
0 0.695052 0.580093 0.023438 0.036111
0 0.771875 0.577778 0.022917 0.037037
0 0.822917 0.550000 0.018750 0.033333
0 0.855208 0.559722 0.018750 0.028704
