0 0.164844 0.491204 0.042188 0.034259
0 0.191146 0.491667 0.036458 0.040741
0 0.286719 0.539352 0.044271 0.028704
0 0.310156 0.556019 0.036979 0.028704
0 0.329427 0.577315 0.044271 0.026852
0 0.353125 0.586574 0.040625 0.019444
0 0.380729 0.605556 0.043750 0.024074
0 0.409115 0.619444 0.040104 0.029630
0 0.445573 0.616204 0.035937 0.028704
0 0.494792 0.632407 0.053125 0.035185
0 0.547396 0.626852 0.048958 0.038889
0 0.602083 0.673148 0.056250 0.033333
0 0.662500 0.670833 0.041667 0.030556
0 0.687760 0.711574 0.050521 0.034259
0 0.739323 0.696296 0.049479 0.035185
0 0.764844 0.677315 0.046354 0.023148
0 0.816667 0.663889 0.042708 0.031481
