0 0.249479 0.571759 0.057292 0.060185
0 0.315365 0.585648 0.053646 0.050926
0 0.371094 0.640278 0.047396 0.049074
0 0.437240 0.681019 0.044271 0.063889
0 0.382812 0.685185 0.041667 0.037037
0 0.254427 0.656944 0.040104 0.037963
0 0.219792 0.646759 0.033333 0.045370
0 0.534115 0.659259 0.055729 0.048148
0 0.601302 0.650463 0.046354 0.050926
0 0.692187 0.648611 0.043750 0.032407
0 0.765104 0.653241 0.052083 0.037963
0 0.823177 0.640741 0.035937 0.079630
0 0.924479 0.653241 0.041667 0.058333
0 0.987500 0.648611 0.025000 0.041667
