0 0.149740 0.545833 0.050521 0.041667
0 0.238542 0.562500 0.059375 0.062037
0 0.278646 0.562963 0.045833 0.048148
0 0.342708 0.547685 0.052083 0.060185
0 0.195312 0.616204 0.051042 0.037963
0 0.392969 0.618981 0.046354 0.045370
0 0.427865 0.666204 0.063021 0.039815
0 0.469271 0.733333 0.054167 0.031481
0 0.519271 0.657407 0.058333 0.046296
0 0.522396 0.562963 0.059375 0.038889
0 0.569010 0.571759 0.036979 0.023148
0 0.588542 0.610185 0.047917 0.031481
0 0.631510 0.633796 0.043229 0.043519
0 0.673177 0.580556 0.067187 0.048148
0 0.754167 0.618981 0.051042 0.030556
0 0.752865 0.536111 0.057813 0.042593
0 0.820312 0.537500 0.058333 0.045370
