0 0.191927 0.500000 0.043229 0.031481
0 0.210677 0.503241 0.023438 0.032407
0 0.200521 0.517130 0.037500 0.017593
0 0.207031 0.537500 0.027604 0.015741
0 0.312760 0.582870 0.028646 0.026852
0 0.341927 0.592593 0.027604 0.029630
0 0.380729 0.595370 0.035417 0.029630
0 0.328906 0.642130 0.034896 0.032407
0 0.458333 0.597685 0.034375 0.034259
0 0.504427 0.608796 0.031771 0.030556
0 0.599219 0.645833 0.028646 0.026852
0 0.655729 0.657407 0.039583 0.037037
0 0.710677 0.639815 0.034896 0.029630
0 0.773438 0.612963 0.028125 0.038889
0 0.821094 0.617130 0.036979 0.037963
