0 0.011458 0.436111 0.021875 0.068519
0 0.134635 0.646759 0.068229 0.043519
0 0.199479 0.580556 0.050000 0.055556
0 0.239063 0.591204 0.051042 0.037963
0 0.307552 0.573611 0.050521 0.041667
0 0.356771 0.601389 0.059375 0.034259
0 0.440885 0.563426 0.057813 0.039815
0 0.385156 0.650000 0.052604 0.050000
0 0.454427 0.698148 0.059896 0.029630
0 0.532552 0.675000 0.041146 0.050000
0 0.595833 0.654167 0.053125 0.025000
0 0.649740 0.659259 0.051562 0.035185
0 0.680208 0.628241 0.056250 0.047222
0 0.708073 0.546296 0.048438 0.061111
0 0.787760 0.563889 0.041146 0.048148
0 0.825781 0.596296 0.051562 0.048148
0 0.754427 0.640278 0.042188 0.043519
