0 0.209635 0.544444 0.059896 0.029630
0 0.245312 0.598148 0.045833 0.027778
0 0.291667 0.539815 0.054167 0.048148
0 0.335417 0.550463 0.048958 0.034259
0 0.405208 0.541667 0.052083 0.037037
0 0.442708 0.622685 0.053125 0.030556
0 0.489583 0.646759 0.052083 0.032407
0 0.523698 0.730556 0.054688 0.020370
0 0.579688 0.550926 0.073958 0.038889
0 0.590104 0.580093 0.043750 0.034259
0 0.576042 0.648611 0.052083 0.049074
0 0.643229 0.611111 0.061458 0.038889
0 0.688021 0.629630 0.042708 0.044444
0 0.717969 0.571296 0.039062 0.050000
0 0.779167 0.615741 0.056250 0.051852
0 0.812500 0.527778 0.052083 0.040741
0 0.876823 0.530093 0.042188 0.050926
