0 0.207813 0.620370 0.020833 0.031481
0 0.260156 0.610648 0.027604 0.049074
0 0.290104 0.587963 0.018750 0.040741
0 0.331510 0.595833 0.021354 0.036111
0 0.356250 0.594444 0.013542 0.035185
0 0.379427 0.579167 0.024479 0.037963
0 0.368229 0.622685 0.020833 0.032407
0 0.343750 0.631944 0.025000 0.036111
0 0.348958 0.672685 0.026042 0.034259
0 0.411198 0.641204 0.026562 0.037963
0 0.511198 0.702778 0.028646 0.037037
0 0.550781 0.698611 0.027604 0.036111
0 0.611719 0.703704 0.025521 0.035185
0 0.731771 0.609259 0.019792 0.031481
0 0.780208 0.607870 0.030208 0.026852
