0 0.142708 0.773611 0.032292 0.036111
0 0.185156 0.635185 0.020313 0.025926
0 0.248438 0.615278 0.020833 0.021296
0 0.264844 0.609722 0.019271 0.032407
0 0.298958 0.605556 0.020833 0.037037
0 0.322135 0.616204 0.020313 0.028704
0 0.342969 0.609722 0.028646 0.025000
0 0.330729 0.637500 0.018750 0.025000
0 0.361979 0.642130 0.027083 0.026852
0 0.397135 0.599074 0.028646 0.033333
0 0.501302 0.608333 0.025521 0.035185
0 0.637240 0.608333 0.018229 0.044444
0 0.705729 0.587037 0.028125 0.029630
0 0.785677 0.580556 0.026562 0.035185
0 0.840625 0.572685 0.020833 0.041667
0 0.875781 0.568056 0.021354 0.030556
