0 0.216146 0.630093 0.016667 0.030556
0 0.267188 0.612500 0.023958 0.030556
0 0.267188 0.635648 0.023958 0.021296
0 0.302604 0.612037 0.023958 0.031481
0 0.342969 0.612500 0.024479 0.036111
0 0.370833 0.604630 0.019792 0.033333
0 0.397396 0.611574 0.020833 0.028704
0 0.365365 0.643519 0.018229 0.025926
0 0.365365 0.697222 0.020313 0.027778
0 0.389323 0.656481 0.017188 0.027778
0 0.432812 0.655556 0.015625 0.027778
0 0.549479 0.706481 0.021875 0.044444
0 0.604167 0.698611 0.022917 0.028704
0 0.662240 0.698148 0.020313 0.037037
0 0.784896 0.620833 0.020833 0.026852
0 0.835938 0.624074 0.019792 0.040741
