0 0.093490 0.466667 0.026562 0.033333
0 0.115365 0.470370 0.029687 0.025926
0 0.138281 0.493056 0.024479 0.017593
0 0.150521 0.500000 0.038542 0.024074
0 0.358333 0.600463 0.021875 0.026852
0 0.379427 0.593519 0.028646 0.027778
0 0.400000 0.602315 0.031250 0.030556
0 0.381771 0.660648 0.029167 0.025000
0 0.480208 0.599537 0.023958 0.030556
0 0.531250 0.601852 0.030208 0.038889
0 0.598698 0.656481 0.034896 0.031481
0 0.629427 0.604630 0.034896 0.040741
0 0.685156 0.574537 0.042188 0.030556
0 0.750260 0.537037 0.033854 0.046296
0 0.800521 0.540278 0.032292 0.043519
