0 0.216667 0.627778 0.018750 0.035185
0 0.266927 0.618056 0.015104 0.021296
0 0.266667 0.643981 0.019792 0.030556
0 0.303125 0.626389 0.017708 0.043519
0 0.344792 0.616204 0.017708 0.050926
0 0.365625 0.613426 0.013542 0.034259
0 0.395052 0.616204 0.020313 0.049074
0 0.365885 0.653704 0.021354 0.031481
0 0.367188 0.685185 0.027083 0.037037
0 0.389583 0.656944 0.020833 0.032407
0 0.435156 0.670833 0.015104 0.032407
0 0.547135 0.707407 0.015104 0.035185
0 0.603125 0.697222 0.022917 0.033333
0 0.666406 0.701389 0.020313 0.034259
0 0.786719 0.614352 0.020313 0.036111
0 0.832552 0.630093 0.026562 0.023148
