0 0.112500 0.292130 0.054167 0.036111
0 0.115885 0.319444 0.063021 0.042593
0 0.256771 0.362500 0.047917 0.025000
0 0.292708 0.356019 0.043750 0.036111
0 0.301563 0.383333 0.031250 0.031481
0 0.331510 0.386574 0.045312 0.028704
0 0.357552 0.423148 0.034896 0.033333
0 0.409115 0.406944 0.032813 0.028704
0 0.443490 0.405093 0.031771 0.032407
0 0.485938 0.412963 0.039583 0.040741
0 0.543750 0.440741 0.046875 0.038889
0 0.582292 0.468981 0.037500 0.052778
0 0.667188 0.471296 0.047917 0.040741
0 0.705729 0.519444 0.044792 0.024074
0 0.726042 0.503704 0.048958 0.051852
0 0.768750 0.506944 0.042708 0.050926
0 0.812760 0.480093 0.054688 0.049074
