0 0.159375 0.477315 0.029167 0.034259
0 0.185156 0.468981 0.029687 0.036111
0 0.182031 0.500463 0.029687 0.017593
0 0.182812 0.508333 0.037500 0.027778
0 0.324740 0.579630 0.033854 0.033333
0 0.350260 0.571759 0.027604 0.030556
0 0.377344 0.584259 0.028646 0.033333
0 0.340104 0.653704 0.031250 0.025926
0 0.459635 0.583796 0.031771 0.041667
0 0.513021 0.590741 0.026042 0.035185
0 0.594792 0.637500 0.039583 0.043519
0 0.644531 0.631481 0.036979 0.046296
0 0.693229 0.606481 0.037500 0.037037
0 0.756250 0.574074 0.040625 0.044444
0 0.805469 0.566667 0.026562 0.027778
