0 0.203385 0.678241 0.056771 0.065741
0 0.258333 0.654630 0.041667 0.044444
0 0.273177 0.585185 0.048438 0.051852
0 0.326823 0.592593 0.050521 0.046296
0 0.389583 0.592593 0.060417 0.059259
0 0.328646 0.712500 0.054167 0.043519
0 0.422396 0.668981 0.052083 0.049074
0 0.509896 0.684722 0.057292 0.056481
0 0.576042 0.660185 0.052083 0.068519
0 0.653125 0.656019 0.046875 0.067593
0 0.713281 0.656944 0.048438 0.052778
0 0.784115 0.646296 0.065104 0.051852
0 0.877344 0.620370 0.048438 0.072222
0 0.935677 0.628241 0.055729 0.036111
