0 0.134635 0.437037 0.056771 0.020370
0 0.159115 0.456019 0.045312 0.034259
0 0.201042 0.490741 0.035417 0.020370
0 0.228906 0.511574 0.042188 0.032407
0 0.303125 0.536111 0.042708 0.042593
0 0.300260 0.583796 0.055729 0.036111
0 0.372917 0.556019 0.034375 0.021296
0 0.371615 0.606019 0.040104 0.032407
0 0.454167 0.564815 0.039583 0.044444
0 0.450521 0.616667 0.052083 0.038889
0 0.501042 0.616204 0.036458 0.025000
0 0.540885 0.578704 0.041146 0.031481
0 0.595573 0.581481 0.044271 0.037037
0 0.589063 0.630556 0.053125 0.038889
0 0.646354 0.556944 0.056250 0.037963
0 0.773698 0.555093 0.048438 0.050926
0 0.844792 0.535185 0.055208 0.040741
