0 0.033594 0.602315 0.023438 0.030556
0 0.086198 0.599074 0.024479 0.029630
0 0.100260 0.591667 0.017188 0.037037
0 0.092448 0.623148 0.024479 0.029630
0 0.136979 0.578704 0.025000 0.031481
0 0.166406 0.585648 0.019271 0.030556
0 0.183333 0.587500 0.016667 0.039815
0 0.185417 0.612037 0.025000 0.027778
0 0.223698 0.589352 0.018229 0.037963
0 0.232813 0.614352 0.015625 0.034259
0 0.305990 0.612500 0.017188 0.030556
0 0.446094 0.637037 0.015104 0.025926
0 0.519792 0.621759 0.022917 0.039815
0 0.597135 0.625926 0.019271 0.038889
0 0.673177 0.587037 0.018229 0.033333
0 0.714063 0.589352 0.019792 0.025000
