0 0.210677 0.601852 0.016146 0.022222
0 0.264583 0.595370 0.018750 0.031481
0 0.293229 0.596296 0.017708 0.027778
0 0.326562 0.600000 0.012500 0.018519
0 0.327865 0.618056 0.014063 0.019444
0 0.356250 0.599074 0.017708 0.018519
0 0.360677 0.617593 0.029687 0.024074
0 0.378646 0.594907 0.014583 0.025000
0 0.399740 0.620370 0.018229 0.027778
0 0.469010 0.683796 0.016146 0.023148
0 0.494531 0.677778 0.021354 0.025926
0 0.533594 0.679167 0.022396 0.025000
0 0.609896 0.631019 0.017708 0.019444
0 0.656250 0.630093 0.016667 0.023148
