0 0.216406 0.568519 0.022396 0.020370
0 0.267188 0.565278 0.017708 0.025000
0 0.301823 0.562037 0.023438 0.029630
0 0.321094 0.575926 0.018229 0.022222
0 0.329948 0.547222 0.018229 0.024074
0 0.349740 0.539352 0.021354 0.023148
0 0.368750 0.538426 0.021875 0.030556
0 0.348438 0.572685 0.018750 0.019444
0 0.369531 0.590278 0.016146 0.021296
0 0.396875 0.579630 0.025000 0.025926
0 0.450000 0.637963 0.019792 0.024074
0 0.478646 0.643056 0.015625 0.028704
0 0.505990 0.637500 0.019271 0.026852
0 0.554688 0.606019 0.026042 0.030556
0 0.564844 0.665278 0.025521 0.023148
