0 0.291667 0.634259 0.022917 0.040741
0 0.334375 0.651389 0.015625 0.034259
0 0.346875 0.640278 0.026042 0.039815
0 0.376042 0.636574 0.028125 0.036111
0 0.412240 0.616204 0.019271 0.039815
0 0.444271 0.600926 0.014583 0.029630
0 0.458854 0.611111 0.014583 0.038889
0 0.444531 0.655556 0.027604 0.035185
0 0.419531 0.646296 0.023438 0.027778
0 0.426563 0.675000 0.027083 0.037037
0 0.475000 0.663426 0.019792 0.026852
0 0.566927 0.713889 0.018229 0.033333
0 0.594010 0.713889 0.020313 0.029630
0 0.648958 0.731019 0.023958 0.034259
0 0.765625 0.638889 0.025000 0.035185
0 0.806771 0.654167 0.019792 0.023148
