0 0.199479 0.679630 0.015625 0.033333
0 0.211719 0.596759 0.018229 0.019444
0 0.276302 0.580093 0.015104 0.028704
0 0.290625 0.574537 0.020833 0.037963
0 0.331510 0.564815 0.021354 0.042593
0 0.351042 0.561111 0.013542 0.038889
0 0.369010 0.567593 0.023438 0.038889
0 0.394010 0.563426 0.016146 0.021296
0 0.431510 0.556481 0.024479 0.027778
0 0.519531 0.566204 0.023438 0.039815
0 0.661198 0.582407 0.028646 0.031481
0 0.730729 0.577778 0.023958 0.037037
0 0.812500 0.564352 0.030208 0.045370
0 0.871354 0.542593 0.021875 0.027778
0 0.907292 0.544444 0.027083 0.022222
