0 0.098437 0.600926 0.017708 0.035185
0 0.135156 0.648148 0.021354 0.020370
0 0.151302 0.610185 0.016146 0.027778
0 0.164062 0.609722 0.013542 0.030556
0 0.209375 0.600000 0.018750 0.031481
0 0.231510 0.599074 0.018229 0.024074
0 0.250521 0.590278 0.016667 0.028704
0 0.254688 0.613889 0.021875 0.020370
0 0.294010 0.588889 0.020313 0.042593
0 0.308073 0.622685 0.019271 0.030556
0 0.389844 0.612500 0.032813 0.037963
0 0.525260 0.619444 0.019271 0.038889
0 0.599479 0.615741 0.029167 0.037037
0 0.674479 0.613426 0.025000 0.025000
0 0.750260 0.583333 0.025521 0.035185
0 0.786979 0.590278 0.021875 0.026852
