0 0.212760 0.481481 0.045312 0.027778
0 0.235937 0.502778 0.050000 0.037037
0 0.271875 0.492593 0.040625 0.024074
0 0.283854 0.511574 0.038542 0.028704
0 0.330469 0.524537 0.033854 0.030556
0 0.380208 0.518519 0.038542 0.040741
0 0.387760 0.548148 0.035937 0.029630
0 0.421094 0.548611 0.038021 0.026852
0 0.495052 0.551389 0.046354 0.037963
0 0.523177 0.606019 0.049479 0.030556
0 0.554427 0.604167 0.049479 0.034259
0 0.614323 0.611111 0.043229 0.035185
0 0.597656 0.657407 0.041146 0.050000
0 0.680729 0.573148 0.037500 0.027778
0 0.744010 0.575000 0.048438 0.038889
0 0.851823 0.583796 0.046354 0.032407
0 0.924479 0.574074 0.051042 0.033333
