0 0.158854 0.591204 0.015625 0.030556
0 0.177344 0.649074 0.022396 0.033333
0 0.215625 0.598611 0.013542 0.043519
0 0.229167 0.601389 0.016667 0.021296
0 0.273438 0.583796 0.025000 0.019444
0 0.293229 0.581019 0.016667 0.037963
0 0.310937 0.568519 0.018750 0.031481
0 0.315365 0.591204 0.030729 0.017593
0 0.348438 0.566204 0.027083 0.028704
0 0.373437 0.597222 0.029167 0.022222
0 0.457813 0.588426 0.023958 0.023148
0 0.593490 0.606481 0.023438 0.031481
0 0.671354 0.594444 0.025000 0.033333
0 0.751823 0.582407 0.028646 0.029630
0 0.812240 0.558333 0.024479 0.029630
0 0.848177 0.569907 0.024479 0.021296
