0 0.130990 0.481481 0.041146 0.033333
0 0.162240 0.472222 0.030729 0.031481
0 0.168229 0.505093 0.031250 0.028704
0 0.335417 0.592593 0.017708 0.024074
0 0.354687 0.585185 0.025000 0.031481
0 0.380990 0.595833 0.023438 0.030556
0 0.356510 0.660185 0.028646 0.031481
0 0.466406 0.596296 0.025521 0.037037
0 0.515104 0.600463 0.020833 0.034259
0 0.593490 0.646759 0.028646 0.032407
0 0.630729 0.625926 0.037500 0.029630
0 0.688802 0.592130 0.041146 0.032407
0 0.750781 0.557870 0.034896 0.036111
0 0.802344 0.559259 0.022396 0.033333
