0 0.152083 0.628241 0.021875 0.032407
0 0.197656 0.617130 0.011979 0.026852
0 0.202083 0.638426 0.013542 0.021296
0 0.239063 0.624537 0.017708 0.036111
0 0.282031 0.605093 0.019271 0.045370
0 0.301563 0.595370 0.026042 0.038889
0 0.279427 0.651389 0.017188 0.037963
0 0.304688 0.648611 0.023958 0.021296
0 0.333333 0.604167 0.019792 0.032407
0 0.330990 0.653704 0.015104 0.029630
0 0.379688 0.648611 0.017708 0.032407
0 0.507031 0.698148 0.018229 0.031481
0 0.574479 0.695370 0.017708 0.025926
0 0.640625 0.692593 0.017708 0.027778
0 0.748177 0.612500 0.020313 0.025000
0 0.799219 0.611574 0.023438 0.039815
