0 0.188281 0.529630 0.055729 0.024074
0 0.219271 0.493981 0.047917 0.039815
0 0.243490 0.514352 0.046354 0.026852
0 0.262500 0.532870 0.032292 0.021296
0 0.306771 0.543056 0.048958 0.041667
0 0.340885 0.568519 0.046354 0.018519
0 0.389323 0.588426 0.044271 0.043519
0 0.419271 0.613426 0.048958 0.034259
0 0.477083 0.587037 0.051042 0.046296
0 0.492448 0.626389 0.039062 0.043519
0 0.556250 0.630093 0.061458 0.043519
0 0.623958 0.620370 0.050000 0.027778
0 0.668750 0.614352 0.040625 0.028704
0 0.713542 0.624074 0.055208 0.048148
0 0.776823 0.614352 0.048438 0.028704
0 0.838021 0.594444 0.046875 0.042593
