0 0.162240 0.594907 0.028646 0.023148
0 0.176823 0.654167 0.030729 0.025000
0 0.228385 0.592130 0.039062 0.030556
0 0.279167 0.572222 0.020833 0.038889
0 0.303125 0.577315 0.015625 0.034259
0 0.318229 0.568519 0.016667 0.029630
0 0.325781 0.590741 0.021354 0.025926
0 0.353385 0.567593 0.023438 0.038889
0 0.382031 0.586574 0.017188 0.034259
0 0.464844 0.592130 0.024479 0.043519
0 0.604948 0.600000 0.023438 0.035185
0 0.674219 0.588426 0.026562 0.025000
0 0.750000 0.584259 0.026042 0.048148
0 0.818750 0.564352 0.019792 0.036111
0 0.855729 0.565278 0.019792 0.034259
