0 0.066406 0.469907 0.027604 0.019444
0 0.092969 0.472222 0.032813 0.029630
0 0.120313 0.493519 0.034375 0.020370
0 0.130729 0.498148 0.036458 0.033333
0 0.373437 0.605093 0.022917 0.021296
0 0.395313 0.608796 0.020833 0.025000
0 0.419531 0.607407 0.026562 0.035185
0 0.405469 0.673611 0.032813 0.034259
0 0.501042 0.613889 0.032292 0.027778
0 0.547396 0.614352 0.032292 0.028704
0 0.640104 0.595370 0.029167 0.031481
0 0.692969 0.559722 0.042188 0.039815
0 0.752344 0.534259 0.040104 0.037037
0 0.790104 0.541667 0.034375 0.031481
0 0.607031 0.668056 0.028646 0.025000
