0 0.227604 0.561574 0.018750 0.021296
0 0.274740 0.568056 0.017188 0.026852
0 0.307031 0.568519 0.016146 0.027778
0 0.326302 0.568056 0.018229 0.026852
0 0.342187 0.553704 0.011458 0.018519
0 0.354427 0.540278 0.017188 0.017593
0 0.376823 0.540278 0.018229 0.028704
0 0.359375 0.567130 0.022917 0.025000
0 0.382552 0.587500 0.027604 0.041667
0 0.407552 0.573611 0.030729 0.028704
0 0.460417 0.628241 0.019792 0.030556
0 0.487760 0.631481 0.017188 0.022222
0 0.517708 0.629630 0.017708 0.027778
0 0.558854 0.606019 0.010417 0.021296
0 0.560677 0.675000 0.020313 0.025926
