0 0.295573 0.638426 0.019271 0.049074
0 0.345052 0.633796 0.025521 0.030556
0 0.381771 0.616667 0.028125 0.044444
0 0.420052 0.611574 0.021354 0.028704
0 0.446615 0.612963 0.016146 0.037037
0 0.464062 0.592593 0.018750 0.038889
0 0.420312 0.655556 0.013542 0.033333
0 0.439844 0.657407 0.021354 0.038889
0 0.486979 0.666204 0.026042 0.039815
0 0.571615 0.717130 0.022396 0.032407
0 0.595833 0.713889 0.018750 0.035185
0 0.644792 0.719444 0.018750 0.037037
0 0.764583 0.646759 0.026042 0.023148
0 0.809896 0.656019 0.033333 0.041667
