0 0.142448 0.431944 0.043229 0.026852
0 0.159896 0.469907 0.040625 0.039815
0 0.209115 0.488426 0.049479 0.026852
0 0.238021 0.523611 0.053125 0.032407
0 0.310417 0.555556 0.048958 0.033333
0 0.308333 0.575000 0.040625 0.037037
0 0.376823 0.543056 0.054688 0.034259
0 0.383854 0.601389 0.059375 0.049074
0 0.467187 0.582407 0.045833 0.038889
0 0.453646 0.633333 0.042708 0.037037
0 0.542188 0.560185 0.050000 0.053704
0 0.509896 0.605093 0.050000 0.034259
0 0.590625 0.577778 0.045833 0.027778
0 0.596875 0.624537 0.048958 0.036111
0 0.646354 0.561574 0.060417 0.032407
0 0.774219 0.527315 0.045312 0.050926
0 0.851562 0.533796 0.041667 0.039815
