0 0.144271 0.440741 0.059375 0.029630
0 0.163802 0.452315 0.054688 0.023148
0 0.218750 0.479167 0.042708 0.043519
0 0.248177 0.501852 0.059896 0.035185
0 0.319531 0.539815 0.053646 0.040741
0 0.305469 0.583333 0.042188 0.040741
0 0.383594 0.533796 0.043229 0.036111
0 0.397917 0.596759 0.050000 0.041667
0 0.463021 0.618519 0.056250 0.035185
0 0.490885 0.568056 0.038021 0.037963
0 0.508333 0.601389 0.038542 0.028704
0 0.540104 0.556019 0.037500 0.032407
0 0.591927 0.575463 0.041146 0.025000
0 0.600781 0.615278 0.053646 0.021296
0 0.650000 0.543056 0.066667 0.049074
0 0.771094 0.529630 0.040104 0.037037
0 0.850521 0.535648 0.047917 0.041667
