0 0.199219 0.611111 0.022396 0.048148
0 0.240885 0.617593 0.020313 0.027778
0 0.253385 0.602778 0.018229 0.038889
0 0.283594 0.605556 0.024479 0.037037
0 0.319271 0.588889 0.022917 0.044444
0 0.346875 0.582407 0.016667 0.029630
0 0.369010 0.587037 0.020313 0.038889
0 0.334635 0.628241 0.022396 0.032407
0 0.356510 0.628241 0.018229 0.039815
0 0.394792 0.626852 0.015625 0.031481
0 0.336198 0.660648 0.015104 0.030556
0 0.492448 0.700000 0.023438 0.022222
0 0.530208 0.701389 0.017708 0.023148
0 0.590625 0.711574 0.029167 0.030556
0 0.714844 0.606019 0.019271 0.036111
0 0.762500 0.625000 0.015625 0.027778
