0 0.042188 0.616204 0.023958 0.030556
0 0.090625 0.612037 0.020833 0.024074
0 0.100000 0.624537 0.016667 0.021296
0 0.134375 0.604167 0.015625 0.032407
0 0.155469 0.630093 0.019271 0.030556
0 0.199479 0.628704 0.022917 0.035185
0 0.163281 0.591204 0.009896 0.030556
0 0.186198 0.592130 0.016146 0.023148
0 0.226302 0.587037 0.019271 0.025926
0 0.227083 0.615741 0.021875 0.038889
0 0.284115 0.629630 0.019271 0.031481
0 0.414062 0.664352 0.017708 0.025000
0 0.480990 0.665741 0.023438 0.025926
0 0.556250 0.669907 0.022917 0.026852
0 0.654687 0.595370 0.018750 0.037037
0 0.700260 0.606019 0.018229 0.030556
