0 0.181250 0.491204 0.026042 0.028704
0 0.210156 0.495833 0.044271 0.025000
0 0.194010 0.506481 0.026562 0.022222
0 0.195312 0.532407 0.045833 0.022222
0 0.313281 0.580093 0.038021 0.032407
0 0.344010 0.568519 0.029687 0.031481
0 0.325521 0.653241 0.032292 0.030556
0 0.375781 0.577778 0.033854 0.031481
0 0.454948 0.600000 0.031771 0.035185
0 0.506771 0.588889 0.029167 0.037037
0 0.597135 0.647685 0.030729 0.030556
0 0.655208 0.652315 0.036458 0.034259
0 0.701562 0.634259 0.027083 0.037037
0 0.763281 0.611574 0.041146 0.028704
0 0.810937 0.595370 0.030208 0.025926
