0 0.192448 0.696296 0.040104 0.048148
0 0.254688 0.659722 0.055208 0.049074
0 0.261458 0.562037 0.065625 0.048148
0 0.325000 0.586111 0.053125 0.051852
0 0.386979 0.585648 0.045833 0.078704
0 0.426302 0.670833 0.048438 0.063889
0 0.329948 0.699537 0.051562 0.054630
0 0.508594 0.668056 0.046354 0.050926
0 0.578125 0.656019 0.033333 0.056481
0 0.650781 0.664352 0.031771 0.039815
0 0.707552 0.667593 0.036979 0.051852
0 0.789323 0.639815 0.053646 0.066667
0 0.882292 0.629630 0.050000 0.050000
0 0.938281 0.624537 0.039062 0.041667
