0 0.152083 0.405093 0.059375 0.034259
0 0.158854 0.432870 0.066667 0.032407
0 0.275260 0.467130 0.044271 0.026852
0 0.298698 0.482870 0.048438 0.025000
0 0.316667 0.496296 0.047917 0.025926
0 0.363542 0.514815 0.042708 0.033333
0 0.403385 0.519444 0.034896 0.040741
0 0.440625 0.523148 0.055208 0.031481
0 0.486719 0.518519 0.033854 0.025926
0 0.534115 0.549537 0.047396 0.036111
0 0.586719 0.565278 0.036979 0.030556
0 0.663542 0.590741 0.063542 0.022222
0 0.686458 0.612963 0.041667 0.025926
0 0.724740 0.617130 0.035937 0.037963
0 0.758854 0.585185 0.038542 0.037037
0 0.802083 0.573148 0.032292 0.022222
