0 0.102604 0.827778 0.022917 0.027778
0 0.168750 0.641204 0.026042 0.030556
0 0.232813 0.632407 0.015625 0.027778
0 0.247656 0.643519 0.018229 0.025926
0 0.278906 0.634259 0.017188 0.027778
0 0.304427 0.632407 0.017188 0.040741
0 0.316927 0.652315 0.015104 0.028704
0 0.326562 0.623611 0.018750 0.034259
0 0.337240 0.659259 0.024479 0.022222
0 0.379688 0.625000 0.021875 0.022222
0 0.493490 0.619444 0.028646 0.037037
0 0.623177 0.587963 0.024479 0.027778
0 0.695052 0.579167 0.020313 0.034259
0 0.767448 0.584722 0.018229 0.030556
0 0.812760 0.560648 0.018229 0.030556
0 0.850521 0.567593 0.016667 0.031481
