0 0.136979 0.424074 0.052083 0.038889
0 0.149740 0.462037 0.048438 0.031481
0 0.192708 0.496296 0.062500 0.025926
0 0.215625 0.519907 0.047917 0.036111
0 0.283854 0.549537 0.036458 0.034259
0 0.300260 0.570833 0.046354 0.034259
0 0.368490 0.560185 0.064062 0.027778
0 0.361198 0.604630 0.070312 0.020370
0 0.424479 0.574074 0.052083 0.040741
0 0.446615 0.616667 0.046354 0.031481
0 0.497135 0.604630 0.046354 0.035185
0 0.537500 0.575000 0.052083 0.031481
0 0.589063 0.581944 0.057292 0.030556
0 0.579167 0.627315 0.046875 0.030556
0 0.647917 0.564815 0.043750 0.018519
0 0.774479 0.537500 0.051042 0.052778
0 0.849479 0.537963 0.043750 0.037037
