0 0.200521 0.675463 0.017708 0.021296
0 0.216927 0.597222 0.026562 0.029630
0 0.281510 0.571296 0.018229 0.029630
0 0.296875 0.585185 0.017708 0.022222
0 0.334375 0.568056 0.012500 0.025000
0 0.355729 0.564815 0.015625 0.025926
0 0.375781 0.571759 0.018229 0.039815
0 0.397656 0.569907 0.011979 0.039815
0 0.434375 0.560648 0.019792 0.025000
0 0.528646 0.548148 0.017708 0.031481
0 0.665365 0.582407 0.021354 0.029630
0 0.741927 0.558796 0.021354 0.034259
0 0.817969 0.555093 0.021354 0.034259
0 0.876042 0.546296 0.022917 0.035185
0 0.912240 0.540278 0.021354 0.030556
