0 0.100521 0.814815 0.032292 0.029630
0 0.161979 0.635648 0.029167 0.034259
0 0.226042 0.619444 0.022917 0.031481
0 0.243490 0.611574 0.023438 0.034259
0 0.275781 0.616667 0.020313 0.038889
0 0.300781 0.623148 0.017188 0.029630
0 0.308854 0.639815 0.015625 0.029630
0 0.319271 0.617593 0.018750 0.027778
0 0.328125 0.646759 0.017708 0.025000
0 0.372917 0.618519 0.028125 0.035185
0 0.484896 0.609722 0.027083 0.032407
0 0.620313 0.587037 0.022917 0.027778
0 0.689323 0.579167 0.022396 0.030556
0 0.765104 0.588426 0.020833 0.030556
0 0.809896 0.559722 0.020833 0.026852
0 0.846875 0.559722 0.017708 0.034259
