0 0.032292 0.579167 0.021875 0.023148
0 0.047656 0.588889 0.013021 0.025926
0 0.068229 0.599074 0.022917 0.031481
0 0.086458 0.568056 0.016667 0.023148
0 0.111458 0.566204 0.016667 0.026852
0 0.132292 0.568519 0.013542 0.029630
0 0.134115 0.600000 0.016146 0.027778
0 0.175000 0.573611 0.017708 0.028704
0 0.181771 0.605093 0.027083 0.026852
0 0.246094 0.603241 0.023438 0.034259
0 0.380729 0.632870 0.021875 0.025000
0 0.458854 0.618056 0.017708 0.026852
0 0.530208 0.609722 0.014583 0.030556
0 0.616146 0.577778 0.014583 0.024074
0 0.658594 0.577778 0.020313 0.024074
