0 0.006510 0.583796 0.011979 0.034259
0 0.047656 0.583796 0.014063 0.026852
0 0.064323 0.579167 0.018229 0.030556
0 0.074740 0.619444 0.021354 0.037037
0 0.102083 0.572685 0.020833 0.030556
0 0.123698 0.577315 0.017188 0.034259
0 0.147396 0.580093 0.022917 0.026852
0 0.145833 0.604167 0.015625 0.028704
0 0.187760 0.578241 0.029687 0.032407
0 0.196615 0.603704 0.018229 0.024074
0 0.264844 0.594907 0.019271 0.030556
0 0.401562 0.626852 0.025000 0.029630
0 0.478906 0.624074 0.023438 0.027778
0 0.545833 0.614815 0.025000 0.033333
0 0.632552 0.578704 0.020313 0.025926
0 0.677865 0.584259 0.022396 0.035185
