0 0.009635 0.428704 0.018229 0.033333
0 0.026823 0.416204 0.044271 0.034259
0 0.042969 0.447222 0.034896 0.027778
0 0.365365 0.552778 0.041146 0.033333
0 0.386458 0.554167 0.038542 0.032407
0 0.423698 0.554630 0.040104 0.031481
0 0.478125 0.556944 0.030208 0.034259
0 0.414323 0.612037 0.044271 0.027778
0 0.535156 0.550926 0.038021 0.038889
0 0.618750 0.526852 0.052083 0.037037
0 0.669010 0.518981 0.033854 0.041667
0 0.702604 0.511574 0.035417 0.039815
0 0.736458 0.517130 0.029167 0.045370
0 0.580990 0.663889 0.042188 0.037037
