0 0.156771 0.492593 0.042708 0.044444
0 0.186979 0.494444 0.051042 0.040741
0 0.276042 0.537037 0.061458 0.022222
0 0.301042 0.550926 0.038542 0.031481
0 0.327865 0.574537 0.045312 0.034259
0 0.347917 0.588889 0.050000 0.016667
0 0.367969 0.605556 0.040104 0.029630
0 0.401302 0.612500 0.036979 0.032407
0 0.433854 0.613889 0.037500 0.027778
0 0.487240 0.649537 0.039062 0.030556
0 0.531510 0.627315 0.042188 0.034259
0 0.600781 0.683796 0.049479 0.034259
0 0.651042 0.669907 0.058333 0.041667
0 0.679427 0.708796 0.038021 0.025000
0 0.729167 0.697685 0.059375 0.037963
0 0.751302 0.671759 0.031771 0.030556
0 0.814583 0.664352 0.042708 0.028704
