0 0.186719 0.680556 0.025521 0.037037
0 0.186719 0.607407 0.018229 0.022222
0 0.246615 0.588426 0.018229 0.036111
0 0.265365 0.601389 0.019271 0.034259
0 0.303906 0.576852 0.019271 0.029630
0 0.326562 0.574537 0.019792 0.034259
0 0.340885 0.568519 0.013021 0.024074
0 0.350000 0.595833 0.022917 0.025000
0 0.371354 0.568981 0.018750 0.026852
0 0.405208 0.572222 0.025000 0.031481
0 0.494010 0.582870 0.028646 0.030556
0 0.631510 0.600463 0.030729 0.036111
0 0.708854 0.585185 0.023958 0.031481
0 0.782031 0.580093 0.023438 0.028704
0 0.846615 0.567593 0.025521 0.020370
0 0.879948 0.561574 0.019271 0.036111
