0 0.222917 0.647222 0.030208 0.038889
0 0.267969 0.637037 0.022396 0.031481
0 0.303906 0.623148 0.022396 0.029630
0 0.348177 0.631944 0.019271 0.028704
0 0.370052 0.607407 0.018229 0.027778
0 0.397917 0.607870 0.019792 0.034259
0 0.367448 0.654630 0.019271 0.024074
0 0.392188 0.659722 0.017708 0.034259
0 0.442448 0.662037 0.015104 0.040741
0 0.363281 0.694907 0.016146 0.030556
0 0.559896 0.706481 0.022917 0.027778
0 0.622917 0.707870 0.023958 0.034259
0 0.685677 0.715278 0.023438 0.043519
0 0.799219 0.628241 0.016146 0.026852
0 0.847656 0.625926 0.019271 0.024074
