0 0.150260 0.595370 0.021354 0.022222
0 0.175000 0.656481 0.025000 0.031481
0 0.207552 0.588889 0.015104 0.025926
0 0.224219 0.600926 0.011979 0.025926
0 0.269010 0.583333 0.015104 0.033333
0 0.289323 0.574074 0.014063 0.035185
0 0.305729 0.574537 0.015625 0.023148
0 0.308854 0.599074 0.020833 0.022222
0 0.342969 0.573611 0.024479 0.036111
0 0.367188 0.590741 0.015625 0.022222
0 0.451042 0.583796 0.026042 0.041667
0 0.589844 0.603704 0.024479 0.024074
0 0.663802 0.595370 0.025521 0.037037
0 0.744010 0.587500 0.025521 0.039815
0 0.807292 0.570833 0.018750 0.030556
0 0.835938 0.564352 0.018750 0.032407
