0 0.169531 0.479167 0.055729 0.039815
0 0.186198 0.499074 0.053646 0.038889
0 0.289844 0.547685 0.050521 0.030556
0 0.314063 0.557870 0.051042 0.028704
0 0.334375 0.572222 0.046875 0.020370
0 0.355469 0.585185 0.039062 0.022222
0 0.382031 0.604630 0.044271 0.027778
0 0.419010 0.608333 0.042188 0.040741
0 0.457031 0.613426 0.048438 0.037963
0 0.503906 0.630093 0.043229 0.036111
0 0.546875 0.623148 0.051042 0.038889
0 0.611458 0.671759 0.040625 0.034259
0 0.670573 0.668056 0.059896 0.043519
0 0.699479 0.703704 0.038542 0.029630
0 0.744531 0.703704 0.051562 0.018519
0 0.770833 0.671296 0.038542 0.029630
0 0.820573 0.656944 0.043229 0.037963
