0 0.280469 0.611111 0.018229 0.035185
0 0.332552 0.614815 0.024479 0.033333
0 0.363021 0.606481 0.025000 0.024074
0 0.406510 0.595370 0.024479 0.025926
0 0.401302 0.622222 0.019271 0.027778
0 0.436719 0.595370 0.015104 0.037037
0 0.429427 0.633333 0.026562 0.025926
0 0.455469 0.590278 0.015104 0.034259
0 0.469792 0.636574 0.015625 0.025000
0 0.546615 0.677778 0.015104 0.031481
0 0.565625 0.691204 0.013542 0.032407
0 0.616927 0.687963 0.018229 0.037037
0 0.715365 0.623148 0.009896 0.022222
0 0.766927 0.631481 0.026562 0.040741
