0 0.271354 0.586111 0.019792 0.020370
0 0.318490 0.586574 0.019271 0.023148
0 0.352604 0.574074 0.015625 0.024074
0 0.369531 0.595370 0.017188 0.024074
0 0.392448 0.567593 0.014063 0.020370
0 0.404687 0.573611 0.020833 0.017593
0 0.403385 0.593981 0.017188 0.023148
0 0.430469 0.566667 0.019271 0.024074
0 0.430208 0.597222 0.017708 0.022222
0 0.458333 0.595833 0.012500 0.025000
0 0.498958 0.642130 0.017708 0.021296
0 0.524740 0.650000 0.013021 0.020370
0 0.553646 0.652315 0.019792 0.030556
0 0.588542 0.614815 0.015625 0.020370
0 0.536198 0.716667 0.017188 0.016667
