0 0.127083 0.867130 0.021875 0.023148
0 0.210417 0.649074 0.020833 0.022222
0 0.277604 0.635185 0.020833 0.027778
0 0.290885 0.632870 0.018229 0.025000
0 0.321354 0.638889 0.019792 0.025926
0 0.346094 0.647222 0.016146 0.029630
0 0.356510 0.657870 0.008854 0.015741
0 0.367188 0.628704 0.018750 0.027778
0 0.372656 0.654630 0.019271 0.020370
0 0.415365 0.613889 0.018229 0.033333
0 0.542969 0.607870 0.020313 0.032407
0 0.659896 0.592130 0.025000 0.036111
0 0.734635 0.587963 0.025521 0.027778
0 0.808854 0.591204 0.019792 0.030556
0 0.850521 0.579630 0.025000 0.027778
0 0.891146 0.592130 0.021875 0.023148
