0 0.127604 0.304630 0.054167 0.038889
0 0.112500 0.325926 0.042708 0.024074
0 0.264323 0.352315 0.044271 0.036111
0 0.293750 0.364352 0.039583 0.019444
0 0.309115 0.390741 0.043229 0.024074
0 0.338021 0.394907 0.031250 0.026852
0 0.357552 0.420833 0.041146 0.037963
0 0.408594 0.429630 0.040104 0.027778
0 0.444271 0.422685 0.041667 0.032407
0 0.488542 0.403704 0.041667 0.046296
0 0.546875 0.443056 0.041667 0.034259
0 0.583073 0.468056 0.043229 0.043519
0 0.666667 0.489815 0.047917 0.037037
0 0.695573 0.520370 0.050521 0.029630
0 0.729948 0.498148 0.039062 0.055556
0 0.771094 0.497685 0.047396 0.039815
0 0.810156 0.477778 0.040104 0.042593
