0 0.110417 0.851389 0.018750 0.034259
0 0.185156 0.640741 0.024479 0.029630
0 0.251302 0.631019 0.019271 0.026852
0 0.267448 0.640278 0.017188 0.019444
0 0.296615 0.631481 0.021354 0.033333
0 0.325260 0.640278 0.017188 0.030556
0 0.331510 0.658796 0.014063 0.028704
0 0.345052 0.625000 0.022396 0.033333
0 0.351302 0.653704 0.025521 0.024074
0 0.392708 0.619907 0.025000 0.036111
0 0.507812 0.612500 0.018750 0.025000
0 0.641406 0.593981 0.016146 0.026852
0 0.707031 0.583796 0.023438 0.026852
0 0.784375 0.587963 0.022917 0.040741
0 0.825260 0.569907 0.017188 0.036111
0 0.866927 0.575000 0.018229 0.031481
