0 0.126823 0.306944 0.059896 0.043519
0 0.130729 0.329630 0.048958 0.022222
0 0.266146 0.382870 0.047917 0.032407
0 0.294010 0.379630 0.056771 0.025926
0 0.307812 0.395833 0.050000 0.021296
0 0.329688 0.408796 0.044792 0.019444
0 0.352344 0.431019 0.040104 0.036111
0 0.402604 0.420833 0.038542 0.036111
0 0.439583 0.425926 0.039583 0.038889
0 0.482292 0.434722 0.043750 0.032407
0 0.532292 0.454167 0.040625 0.026852
0 0.579688 0.482870 0.045833 0.030556
0 0.663021 0.488426 0.055208 0.037963
0 0.688281 0.530093 0.045312 0.023148
0 0.721615 0.524537 0.042188 0.050926
0 0.763802 0.501389 0.048438 0.032407
0 0.807031 0.494444 0.043229 0.046296
