0 0.134375 0.634259 0.050000 0.055556
0 0.200781 0.588889 0.036979 0.050000
0 0.239063 0.593056 0.053125 0.054630
0 0.305729 0.562963 0.053125 0.042593
0 0.358333 0.575463 0.067708 0.030556
0 0.433854 0.554630 0.056250 0.038889
0 0.389062 0.631481 0.044792 0.050000
0 0.469010 0.671296 0.057813 0.057407
0 0.539062 0.666667 0.051042 0.061111
0 0.600521 0.644907 0.053125 0.047222
0 0.659635 0.644907 0.045312 0.054630
0 0.696354 0.625926 0.048958 0.038889
0 0.737760 0.538889 0.053646 0.061111
0 0.777604 0.629630 0.052083 0.038889
0 0.813802 0.559259 0.043229 0.046296
0 0.844531 0.592593 0.045312 0.037037
