0 0.267708 0.577778 0.027083 0.040741
0 0.313802 0.569907 0.016146 0.032407
0 0.316667 0.593519 0.020833 0.024074
0 0.350000 0.579630 0.022917 0.027778
0 0.368490 0.591667 0.020313 0.020370
0 0.390625 0.567593 0.018750 0.022222
0 0.404687 0.574074 0.016667 0.022222
0 0.399479 0.584722 0.017708 0.021296
0 0.426042 0.574074 0.012500 0.024074
0 0.423958 0.604630 0.016667 0.029630
0 0.455729 0.587037 0.022917 0.022222
0 0.495833 0.636574 0.020833 0.026852
0 0.523438 0.639352 0.026042 0.034259
0 0.547396 0.633796 0.019792 0.026852
0 0.583073 0.613426 0.014063 0.025000
0 0.540104 0.718519 0.021875 0.024074
