0 0.290365 0.618981 0.015104 0.025000
0 0.342969 0.613426 0.017188 0.037963
0 0.376302 0.607407 0.021354 0.027778
0 0.411979 0.602778 0.015625 0.022222
0 0.410156 0.630093 0.019271 0.036111
0 0.441406 0.603704 0.017188 0.027778
0 0.436719 0.633333 0.030729 0.025926
0 0.462760 0.589815 0.016146 0.033333
0 0.475260 0.642130 0.019271 0.021296
0 0.556510 0.687963 0.019271 0.029630
0 0.582292 0.696759 0.020833 0.026852
0 0.629427 0.694907 0.020313 0.036111
0 0.730729 0.631481 0.017708 0.033333
0 0.773698 0.633333 0.019271 0.025926
