0 0.029167 0.587500 0.015625 0.034259
0 0.042448 0.575463 0.024479 0.037963
0 0.066146 0.607870 0.023958 0.032407
0 0.078385 0.564815 0.017188 0.029630
0 0.106510 0.562037 0.022396 0.027778
0 0.123438 0.562963 0.017708 0.029630
0 0.129167 0.590741 0.021875 0.025926
0 0.166667 0.571296 0.018750 0.029630
0 0.174740 0.599074 0.021354 0.031481
0 0.240365 0.596296 0.018229 0.027778
0 0.379688 0.631944 0.028125 0.026852
0 0.450000 0.615278 0.022917 0.026852
0 0.522917 0.618981 0.013542 0.034259
0 0.611198 0.574537 0.021354 0.025000
0 0.651563 0.572222 0.020833 0.044444
