0 0.214062 0.632870 0.020833 0.037963
0 0.265885 0.626389 0.021354 0.036111
0 0.265365 0.651852 0.019271 0.027778
0 0.302083 0.640278 0.025000 0.043519
0 0.344010 0.620833 0.018229 0.028704
0 0.361979 0.613426 0.015625 0.030556
0 0.393229 0.619444 0.016667 0.037037
0 0.354427 0.678704 0.014063 0.020370
0 0.367188 0.664352 0.021875 0.028704
0 0.389323 0.656481 0.018229 0.024074
0 0.438802 0.661574 0.015104 0.026852
0 0.560156 0.700926 0.026562 0.027778
0 0.624479 0.702315 0.028125 0.043519
0 0.685156 0.701389 0.019271 0.030556
0 0.804167 0.632870 0.029167 0.045370
0 0.853646 0.630093 0.030208 0.030556
