0 0.007292 0.597685 0.013542 0.039815
0 0.060937 0.581944 0.025000 0.025000
0 0.073438 0.606944 0.017708 0.021296
0 0.107552 0.568056 0.021354 0.030556
0 0.131510 0.570833 0.017188 0.030556
0 0.149479 0.575463 0.018750 0.025000
0 0.149479 0.596759 0.019792 0.021296
0 0.190365 0.580556 0.017188 0.022222
0 0.198177 0.607407 0.017188 0.025926
0 0.276302 0.610648 0.019271 0.028704
0 0.408854 0.630093 0.020833 0.025000
0 0.482031 0.615741 0.018229 0.024074
0 0.557813 0.617130 0.022917 0.026852
0 0.637500 0.579630 0.018750 0.024074
0 0.678906 0.575000 0.014063 0.029630
