0 0.107031 0.467130 0.023438 0.026852
0 0.137760 0.470370 0.034896 0.027778
0 0.150000 0.493056 0.036458 0.017593
0 0.152604 0.508333 0.042708 0.018519
0 0.332031 0.590741 0.036979 0.035185
0 0.356250 0.660648 0.038542 0.037963
0 0.359375 0.584722 0.027083 0.034259
0 0.385417 0.591667 0.029167 0.029630
0 0.464844 0.590278 0.029687 0.039815
0 0.520312 0.583333 0.038542 0.033333
0 0.587760 0.651852 0.040104 0.033333
0 0.620573 0.601852 0.035937 0.048148
0 0.683333 0.587500 0.050000 0.028704
0 0.743750 0.556019 0.050000 0.034259
0 0.793750 0.536574 0.030208 0.034259
