0 0.100000 0.813889 0.021875 0.035185
0 0.155990 0.632407 0.017188 0.027778
0 0.223438 0.623148 0.014583 0.018519
0 0.236979 0.618519 0.017708 0.033333
0 0.272917 0.619907 0.019792 0.030556
0 0.297135 0.633333 0.017188 0.029630
0 0.317448 0.624537 0.017188 0.026852
0 0.303906 0.651852 0.019271 0.027778
0 0.323958 0.641204 0.020833 0.021296
0 0.368229 0.615278 0.023958 0.030556
0 0.479948 0.600926 0.017188 0.025926
0 0.616667 0.587500 0.025000 0.028704
0 0.684375 0.565278 0.017708 0.025000
0 0.761979 0.562963 0.025000 0.029630
0 0.806510 0.563889 0.017188 0.037037
0 0.842969 0.548148 0.017188 0.031481
