0 0.274479 0.591204 0.021875 0.025000
0 0.320312 0.585648 0.019792 0.019444
0 0.352865 0.577315 0.014063 0.013889
0 0.374479 0.588889 0.013542 0.022222
0 0.392708 0.573611 0.020833 0.021296
0 0.412500 0.569444 0.017708 0.025926
0 0.407031 0.585185 0.019271 0.018519
0 0.432292 0.566204 0.017708 0.023148
0 0.433854 0.597685 0.025000 0.023148
0 0.460677 0.587037 0.015104 0.022222
0 0.504687 0.639815 0.014583 0.025926
0 0.524740 0.640278 0.015104 0.028704
0 0.550260 0.640741 0.016146 0.022222
0 0.591667 0.606481 0.021875 0.025926
0 0.532813 0.717593 0.022917 0.022222
