0 0.149740 0.422685 0.059896 0.039815
0 0.181771 0.441204 0.052083 0.052778
0 0.220833 0.474074 0.035417 0.035185
0 0.255469 0.497685 0.039062 0.049074
0 0.324479 0.568519 0.063542 0.038889
0 0.342969 0.530556 0.033854 0.042593
0 0.386979 0.533796 0.047917 0.039815
0 0.402604 0.598611 0.044792 0.037963
0 0.467969 0.609259 0.042188 0.038889
0 0.505990 0.576389 0.042188 0.041667
0 0.519792 0.602778 0.058333 0.029630
0 0.545573 0.559722 0.052604 0.052778
0 0.599740 0.558796 0.047396 0.026852
0 0.613542 0.595370 0.054167 0.038889
0 0.648698 0.532407 0.043229 0.040741
0 0.782031 0.522685 0.049479 0.041667
0 0.862500 0.506944 0.050000 0.043519
