0 0.218750 0.643981 0.028125 0.030556
0 0.267969 0.636574 0.020313 0.032407
0 0.299219 0.624074 0.013021 0.048148
0 0.345313 0.634722 0.016667 0.039815
0 0.365885 0.622685 0.019271 0.030556
0 0.395833 0.603704 0.015625 0.035185
0 0.390885 0.653241 0.015104 0.025000
0 0.364063 0.658796 0.016667 0.026852
0 0.360417 0.688889 0.023958 0.024074
0 0.434896 0.668056 0.015625 0.032407
0 0.548698 0.710185 0.018229 0.033333
0 0.609896 0.709259 0.027083 0.038889
0 0.667708 0.706481 0.017708 0.033333
0 0.791667 0.625000 0.016667 0.033333
0 0.841667 0.625000 0.027083 0.048148
