0 0.219531 0.622222 0.017188 0.027778
0 0.267188 0.622222 0.011458 0.040741
0 0.275000 0.610185 0.019792 0.037037
0 0.307552 0.601852 0.019271 0.031481
0 0.350260 0.612963 0.015104 0.029630
0 0.374219 0.610185 0.021354 0.027778
0 0.400000 0.593981 0.028125 0.039815
0 0.395573 0.634259 0.021354 0.031481
0 0.367708 0.643981 0.020833 0.032407
0 0.367708 0.674074 0.025000 0.029630
0 0.428906 0.652778 0.018229 0.024074
0 0.536979 0.700926 0.016667 0.020370
0 0.587240 0.704630 0.019271 0.037037
0 0.650260 0.704167 0.019271 0.028704
0 0.771615 0.610185 0.014063 0.016667
0 0.819792 0.610185 0.017708 0.027778
