0 0.228385 0.419907 0.033854 0.037963
0 0.261719 0.446296 0.042188 0.033333
0 0.305469 0.455093 0.026562 0.050926
0 0.319792 0.480093 0.037500 0.034259
0 0.451042 0.522685 0.056250 0.030556
0 0.497135 0.521759 0.048438 0.041667
0 0.536198 0.496296 0.051562 0.050000
0 0.604688 0.522685 0.035417 0.026852
0 0.651823 0.512500 0.035937 0.034259
0 0.696094 0.528704 0.054688 0.033333
0 0.735417 0.529630 0.046875 0.044444
0 0.775521 0.535648 0.038542 0.034259
0 0.820312 0.549074 0.035417 0.033333
0 0.860417 0.572222 0.027083 0.044444
0 0.915885 0.550463 0.032813 0.043519
