0 0.132292 0.656019 0.058333 0.049074
0 0.202344 0.583333 0.051562 0.042593
0 0.238281 0.601389 0.043229 0.026852
0 0.301823 0.544444 0.053646 0.046296
0 0.360938 0.591667 0.052083 0.037037
0 0.438802 0.538889 0.057813 0.042593
0 0.381771 0.655556 0.051042 0.038889
0 0.456510 0.695833 0.042188 0.037963
0 0.536719 0.689352 0.049479 0.041667
0 0.597917 0.658796 0.051042 0.047222
0 0.657552 0.667593 0.040104 0.042593
0 0.685677 0.638889 0.058854 0.020370
0 0.713542 0.566204 0.047917 0.056481
0 0.796354 0.561111 0.048958 0.057407
0 0.759115 0.614352 0.043229 0.036111
0 0.837760 0.617130 0.053646 0.041667
