0 0.196875 0.582870 0.020833 0.030556
0 0.242969 0.574537 0.022396 0.030556
0 0.270313 0.575000 0.018750 0.025926
0 0.305469 0.575926 0.017188 0.016667
0 0.302865 0.583333 0.017188 0.016667
0 0.334896 0.571296 0.016667 0.020370
0 0.333594 0.587500 0.019271 0.019444
0 0.354948 0.575463 0.020313 0.019444
0 0.350521 0.592593 0.016667 0.027778
0 0.379427 0.593519 0.017188 0.024074
0 0.450000 0.657870 0.012500 0.023148
0 0.474479 0.658333 0.021875 0.029630
0 0.513281 0.657870 0.020313 0.023148
0 0.578125 0.612500 0.023958 0.019444
0 0.625260 0.614352 0.016146 0.026852
