0 0.171875 0.555093 0.047917 0.017593
0 0.209896 0.515278 0.037500 0.028704
0 0.229687 0.531944 0.038542 0.034259
0 0.270313 0.554167 0.029167 0.023148
0 0.311979 0.558796 0.036458 0.030556
0 0.331510 0.583796 0.049479 0.028704
0 0.350781 0.615741 0.052604 0.038889
0 0.381771 0.615741 0.037500 0.031481
0 0.417187 0.642130 0.041667 0.032407
0 0.490104 0.611574 0.043750 0.041667
0 0.492708 0.673148 0.048958 0.035185
0 0.559635 0.657870 0.050521 0.043519
0 0.626042 0.643981 0.054167 0.036111
0 0.675781 0.650926 0.050521 0.031481
0 0.723177 0.646296 0.040104 0.040741
0 0.770573 0.656019 0.046354 0.034259
0 0.832292 0.631944 0.037500 0.032407
