0 0.124479 0.633796 0.015625 0.030556
0 0.172917 0.612963 0.015625 0.025926
0 0.180208 0.632870 0.023958 0.015741
0 0.210938 0.615741 0.018750 0.031481
0 0.249479 0.595833 0.015625 0.045370
0 0.267969 0.587037 0.013021 0.033333
0 0.253906 0.636574 0.017188 0.036111
0 0.277604 0.635185 0.014583 0.033333
0 0.307552 0.597685 0.020313 0.026852
0 0.309375 0.637963 0.015625 0.027778
0 0.363281 0.635648 0.026562 0.028704
0 0.485417 0.687500 0.022917 0.034259
0 0.557031 0.684259 0.020313 0.029630
0 0.625521 0.681019 0.026042 0.032407
0 0.731250 0.612500 0.020833 0.037963
0 0.781250 0.607870 0.021875 0.036111
