0 0.186979 0.527778 0.059375 0.031481
0 0.222656 0.600463 0.050521 0.028704
0 0.280208 0.545833 0.038542 0.039815
0 0.315885 0.534722 0.048438 0.054630
0 0.379167 0.567130 0.042708 0.034259
0 0.422656 0.609722 0.057813 0.036111
0 0.472396 0.655093 0.044792 0.049074
0 0.502604 0.718519 0.054167 0.044444
0 0.552604 0.660648 0.046875 0.037963
0 0.559375 0.546759 0.047917 0.054630
0 0.590104 0.587037 0.032292 0.040741
0 0.626302 0.604167 0.044271 0.041667
0 0.672135 0.620833 0.056771 0.062037
0 0.695312 0.588889 0.054167 0.042593
0 0.781250 0.628241 0.039583 0.032407
0 0.784896 0.545833 0.047917 0.036111
0 0.854427 0.553704 0.043229 0.051852
