0 0.022917 0.585648 0.012500 0.037963
0 0.035937 0.583796 0.015625 0.034259
0 0.062500 0.597685 0.031250 0.026852
0 0.072396 0.576389 0.019792 0.034259
0 0.099219 0.568981 0.018229 0.030556
0 0.120052 0.569907 0.019271 0.039815
0 0.121354 0.588426 0.020833 0.023148
0 0.157812 0.563426 0.020833 0.028704
0 0.163542 0.595370 0.016667 0.024074
0 0.233854 0.598148 0.019792 0.031481
0 0.369531 0.633333 0.027604 0.029630
0 0.443750 0.620833 0.020833 0.034259
0 0.512240 0.615278 0.019271 0.026852
0 0.600521 0.572685 0.019792 0.034259
0 0.645052 0.579630 0.022396 0.033333
