0 0.123698 0.798148 0.021354 0.029630
0 0.172656 0.625463 0.019271 0.026852
0 0.239063 0.626852 0.016667 0.046296
0 0.256771 0.616204 0.022917 0.032407
0 0.293229 0.624074 0.020833 0.033333
0 0.316146 0.619444 0.016667 0.025926
0 0.332552 0.614815 0.016146 0.035185
0 0.390365 0.615741 0.023438 0.038889
0 0.322656 0.645370 0.011979 0.027778
0 0.342187 0.646296 0.012500 0.020370
0 0.498437 0.602778 0.019792 0.031481
0 0.627604 0.583796 0.023958 0.039815
0 0.701562 0.571759 0.021875 0.028704
0 0.778906 0.564815 0.020313 0.037037
0 0.823438 0.554630 0.017708 0.038889
0 0.863542 0.555093 0.020833 0.030556
