0 0.238021 0.521296 0.057292 0.053704
0 0.253125 0.581019 0.062500 0.041667
0 0.306771 0.542130 0.043750 0.041667
0 0.348698 0.542130 0.041146 0.041667
0 0.419271 0.556944 0.045833 0.030556
0 0.447656 0.606481 0.055729 0.037037
0 0.491667 0.660185 0.046875 0.037037
0 0.542188 0.714352 0.043750 0.041667
0 0.589323 0.665741 0.050521 0.046296
0 0.584375 0.558333 0.029167 0.057407
0 0.605469 0.555093 0.038021 0.034259
0 0.653906 0.593981 0.044271 0.043519
0 0.700000 0.612963 0.047917 0.046296
0 0.721094 0.583333 0.047396 0.035185
0 0.788542 0.638426 0.037500 0.032407
0 0.824479 0.547685 0.046875 0.045370
0 0.888281 0.547685 0.042188 0.056481
