0 0.123698 0.859259 0.017188 0.024074
0 0.204687 0.635185 0.017708 0.022222
0 0.269792 0.633796 0.013542 0.032407
0 0.283854 0.650000 0.022917 0.029630
0 0.319792 0.634259 0.020833 0.040741
0 0.345052 0.626852 0.014063 0.031481
0 0.353125 0.653704 0.013542 0.024074
0 0.363802 0.622222 0.017188 0.031481
0 0.367448 0.652778 0.019271 0.027778
0 0.413802 0.614352 0.023438 0.026852
0 0.529427 0.614815 0.020313 0.035185
0 0.662500 0.590741 0.026042 0.025926
0 0.729427 0.577315 0.032813 0.041667
0 0.804427 0.578241 0.021354 0.036111
0 0.845833 0.574074 0.026042 0.033333
0 0.885677 0.583333 0.021354 0.027778
