0 0.100000 0.825926 0.023958 0.029630
0 0.165625 0.633796 0.020833 0.017593
0 0.229948 0.638889 0.015104 0.042593
0 0.246094 0.642593 0.010937 0.033333
0 0.279687 0.641204 0.021875 0.030556
0 0.309115 0.646759 0.016146 0.030556
0 0.326042 0.636111 0.017708 0.027778
0 0.314323 0.659259 0.008854 0.022222
0 0.333594 0.654630 0.018229 0.024074
0 0.377865 0.626389 0.017188 0.023148
0 0.491406 0.606481 0.021354 0.029630
0 0.624479 0.583333 0.021875 0.035185
0 0.692969 0.574074 0.022396 0.040741
0 0.770312 0.577778 0.031250 0.037037
0 0.814844 0.569907 0.023438 0.034259
0 0.849219 0.563426 0.019271 0.041667
