0 0.011979 0.592130 0.018750 0.039815
0 0.025521 0.579167 0.022917 0.030556
0 0.059896 0.572222 0.021875 0.024074
0 0.058854 0.595833 0.022917 0.025000
0 0.086719 0.569907 0.014063 0.039815
0 0.106250 0.561111 0.020833 0.031481
0 0.114583 0.588426 0.019792 0.037963
0 0.147656 0.554630 0.023438 0.031481
0 0.152344 0.593056 0.021354 0.026852
0 0.219792 0.597222 0.025000 0.029630
0 0.353125 0.626389 0.020833 0.023148
0 0.423958 0.621296 0.020833 0.033333
0 0.494792 0.622222 0.019792 0.027778
0 0.586198 0.568056 0.021354 0.032407
0 0.630469 0.578704 0.022396 0.031481
