0 0.160417 0.625463 0.019792 0.034259
0 0.211458 0.625926 0.025000 0.044444
0 0.247917 0.624074 0.015625 0.027778
0 0.291146 0.614352 0.017708 0.034259
0 0.311198 0.606019 0.020313 0.036111
0 0.299219 0.668519 0.019271 0.031481
0 0.317448 0.650926 0.021354 0.031481
0 0.347917 0.611111 0.027083 0.040741
0 0.342969 0.644907 0.021354 0.039815
0 0.393750 0.643056 0.017708 0.030556
0 0.515625 0.693519 0.015625 0.027778
0 0.581771 0.694907 0.027083 0.030556
0 0.648177 0.694907 0.018229 0.037963
0 0.759635 0.612963 0.017188 0.037037
0 0.805208 0.618056 0.030208 0.032407
