0 0.123177 0.465278 0.040104 0.037963
0 0.154688 0.479167 0.030208 0.023148
0 0.155729 0.496296 0.044792 0.018519
0 0.164062 0.510185 0.038542 0.024074
0 0.332031 0.593981 0.028646 0.026852
0 0.359115 0.586111 0.021354 0.024074
0 0.380990 0.597222 0.039062 0.022222
0 0.350000 0.673148 0.030208 0.025926
0 0.459896 0.600926 0.030208 0.029630
0 0.512500 0.595833 0.029167 0.030556
0 0.596875 0.643056 0.028125 0.025000
0 0.627604 0.605093 0.026042 0.034259
0 0.683073 0.587037 0.030729 0.033333
0 0.748437 0.556019 0.036458 0.032407
0 0.796094 0.541204 0.032813 0.032407
