0 0.257552 0.430093 0.049479 0.034259
0 0.272135 0.450463 0.046354 0.026852
0 0.297656 0.460648 0.065104 0.019444
0 0.302865 0.483796 0.051562 0.028704
0 0.485156 0.533333 0.031771 0.020370
0 0.530469 0.546759 0.041146 0.034259
0 0.585677 0.519444 0.042188 0.048148
0 0.650781 0.533796 0.046354 0.028704
0 0.689323 0.518519 0.045312 0.038889
0 0.732552 0.532407 0.044271 0.040741
0 0.775260 0.540741 0.055729 0.038889
0 0.807813 0.554630 0.040625 0.042593
0 0.847917 0.543981 0.046875 0.032407
0 0.890885 0.571296 0.052604 0.024074
0 0.941146 0.548148 0.051042 0.031481
