0 0.302344 0.624537 0.021354 0.028704
0 0.350000 0.628241 0.012500 0.025000
0 0.360417 0.613889 0.017708 0.027778
0 0.389583 0.613426 0.021875 0.030556
0 0.427604 0.616667 0.025000 0.031481
0 0.452344 0.605556 0.011979 0.029630
0 0.473698 0.601852 0.019271 0.037037
0 0.425000 0.640278 0.018750 0.023148
0 0.439583 0.648611 0.020833 0.028704
0 0.456250 0.653704 0.018750 0.037037
0 0.489323 0.663426 0.023438 0.041667
0 0.573958 0.700926 0.022917 0.024074
0 0.597917 0.703704 0.026042 0.033333
0 0.644531 0.701389 0.017188 0.043519
0 0.757812 0.640741 0.019792 0.031481
0 0.800260 0.642130 0.021354 0.026852
