0 0.214844 0.618056 0.015104 0.036111
0 0.263021 0.618981 0.012500 0.034259
0 0.270052 0.599537 0.017188 0.037963
0 0.296615 0.600463 0.013021 0.026852
0 0.342708 0.598148 0.015625 0.024074
0 0.364583 0.597222 0.013542 0.033333
0 0.386458 0.591204 0.012500 0.030556
0 0.355990 0.637037 0.011979 0.024074
0 0.381510 0.631944 0.014063 0.026852
0 0.422917 0.643981 0.023958 0.025000
0 0.358333 0.677315 0.017708 0.023148
0 0.524219 0.704167 0.013021 0.028704
0 0.567708 0.696296 0.019792 0.042593
0 0.628125 0.702315 0.015625 0.036111
0 0.751823 0.605556 0.018229 0.031481
0 0.800781 0.606019 0.019271 0.025000
