0 0.201563 0.606019 0.023958 0.032407
0 0.250260 0.618056 0.017188 0.028704
0 0.255208 0.597222 0.012500 0.040741
0 0.283854 0.595833 0.017708 0.032407
0 0.328125 0.587037 0.020833 0.042593
0 0.353646 0.581481 0.018750 0.038889
0 0.372656 0.597685 0.015104 0.026852
0 0.335417 0.624074 0.016667 0.027778
0 0.360938 0.627315 0.017708 0.030556
0 0.405208 0.635648 0.017708 0.026852
0 0.344792 0.670833 0.029167 0.030556
0 0.501042 0.701852 0.020833 0.025926
0 0.544531 0.702315 0.026562 0.030556
0 0.602604 0.707407 0.022917 0.035185
0 0.725260 0.602778 0.020313 0.037037
0 0.769531 0.608796 0.028646 0.043519
