0 0.222396 0.468981 0.057292 0.036111
0 0.235156 0.495370 0.041146 0.027778
0 0.280469 0.505093 0.050521 0.036111
0 0.326302 0.531944 0.039062 0.034259
0 0.381771 0.537500 0.041667 0.045370
0 0.390885 0.548611 0.046354 0.037963
0 0.424479 0.536111 0.043750 0.035185
0 0.496354 0.548148 0.041667 0.037037
0 0.528125 0.601852 0.043750 0.027778
0 0.561979 0.584722 0.042708 0.054630
0 0.603646 0.627315 0.040625 0.050926
0 0.619271 0.587037 0.056250 0.040741
0 0.685677 0.578704 0.049479 0.051852
0 0.751042 0.566204 0.061458 0.036111
0 0.857552 0.565278 0.059896 0.045370
0 0.932552 0.570833 0.054688 0.034259
