0 0.185938 0.529630 0.043750 0.024074
0 0.217969 0.490278 0.058854 0.041667
0 0.225781 0.525463 0.046354 0.028704
0 0.266927 0.532870 0.041146 0.037963
0 0.307552 0.553241 0.050521 0.019444
0 0.335938 0.572685 0.042708 0.030556
0 0.358594 0.592593 0.035937 0.037037
0 0.381250 0.593981 0.044792 0.032407
0 0.414844 0.614352 0.036979 0.028704
0 0.477344 0.582407 0.045312 0.037037
0 0.488021 0.626852 0.025000 0.038889
0 0.553125 0.641667 0.044792 0.046296
0 0.626302 0.620833 0.046354 0.028704
0 0.667969 0.626852 0.038021 0.037037
0 0.713281 0.642130 0.047396 0.041667
0 0.769531 0.617130 0.055729 0.030556
0 0.832031 0.610648 0.045312 0.034259
