0 0.229948 0.416204 0.039062 0.037963
0 0.262240 0.432407 0.045312 0.035185
0 0.310156 0.441667 0.041146 0.044444
0 0.327344 0.463889 0.048438 0.035185
0 0.445573 0.515741 0.040104 0.033333
0 0.493750 0.525000 0.025000 0.046296
0 0.529167 0.496296 0.042708 0.042593
0 0.593750 0.506481 0.048958 0.044444
0 0.646875 0.521759 0.050000 0.036111
0 0.689844 0.537500 0.032813 0.039815
0 0.733854 0.525000 0.048958 0.042593
0 0.770052 0.547685 0.038021 0.030556
0 0.815104 0.537963 0.046875 0.048148
0 0.860417 0.564815 0.048958 0.037037
0 0.915104 0.541667 0.030208 0.037037
