0 0.194010 0.667593 0.015104 0.031481
0 0.197396 0.602315 0.018750 0.023148
0 0.264323 0.584722 0.019271 0.023148
0 0.279427 0.597222 0.021354 0.027778
0 0.319531 0.576389 0.021354 0.028704
0 0.340625 0.562500 0.013542 0.026852
0 0.355729 0.585648 0.015625 0.030556
0 0.381510 0.578241 0.020313 0.032407
0 0.417708 0.571296 0.022917 0.022222
0 0.504167 0.560648 0.016667 0.043519
0 0.645052 0.591667 0.022396 0.024074
0 0.720052 0.573148 0.023438 0.027778
0 0.797396 0.560648 0.022917 0.034259
0 0.857031 0.554167 0.027604 0.025000
0 0.896875 0.552778 0.023958 0.022222
