0 0.197396 0.612037 0.015625 0.024074
0 0.241146 0.619444 0.017708 0.029630
0 0.245833 0.600926 0.015625 0.025926
0 0.279687 0.593056 0.013542 0.030556
0 0.317708 0.590278 0.011458 0.026852
0 0.347396 0.590278 0.017708 0.028704
0 0.364583 0.582407 0.016667 0.029630
0 0.327865 0.628241 0.020313 0.028704
0 0.353125 0.630556 0.011458 0.024074
0 0.391927 0.639352 0.015104 0.037963
0 0.333854 0.665278 0.015625 0.030556
0 0.485938 0.694907 0.013542 0.023148
0 0.523177 0.706481 0.022396 0.027778
0 0.579948 0.704630 0.017188 0.027778
0 0.707812 0.611111 0.020833 0.029630
0 0.746094 0.614352 0.020313 0.036111
