0 0.057552 0.456481 0.024479 0.022222
0 0.078646 0.478241 0.028125 0.023148
0 0.105990 0.485648 0.035937 0.030556
0 0.122396 0.506481 0.041667 0.022222
0 0.376302 0.602315 0.032813 0.030556
0 0.400000 0.591667 0.027083 0.037037
0 0.424740 0.596759 0.032813 0.028704
0 0.411198 0.662963 0.038021 0.020370
0 0.496094 0.597222 0.032813 0.027778
0 0.551302 0.599074 0.029687 0.033333
0 0.598437 0.684722 0.035417 0.028704
0 0.640885 0.573611 0.026562 0.032407
0 0.696615 0.572685 0.034896 0.034259
0 0.750781 0.555093 0.032813 0.045370
0 0.787760 0.539815 0.029687 0.033333
