0 0.096094 0.452778 0.029687 0.024074
0 0.119531 0.475926 0.041146 0.024074
0 0.145052 0.485185 0.030729 0.024074
0 0.146615 0.509259 0.040104 0.027778
0 0.347917 0.600463 0.034375 0.019444
0 0.371875 0.584259 0.029167 0.027778
0 0.398177 0.594907 0.029687 0.037963
0 0.381250 0.661111 0.036458 0.029630
0 0.477865 0.587963 0.035937 0.044444
0 0.529427 0.592130 0.026562 0.036111
0 0.597656 0.661111 0.031771 0.022222
0 0.630729 0.599074 0.029167 0.042593
0 0.685156 0.581944 0.030729 0.036111
0 0.750521 0.549074 0.029167 0.027778
0 0.796615 0.521296 0.029687 0.027778
