0 0.260156 0.422685 0.032813 0.032407
0 0.272656 0.452315 0.035937 0.037963
0 0.297135 0.453704 0.040104 0.033333
0 0.295052 0.479630 0.033854 0.038889
0 0.499219 0.544444 0.035937 0.029630
0 0.540885 0.564352 0.038021 0.036111
0 0.605469 0.537963 0.051562 0.037037
0 0.661458 0.512963 0.043750 0.050000
0 0.699219 0.514352 0.042188 0.030556
0 0.750000 0.547222 0.036458 0.029630
0 0.789583 0.525463 0.041667 0.047222
0 0.822396 0.554630 0.045833 0.037037
0 0.863281 0.556944 0.039062 0.021296
0 0.895573 0.562963 0.033854 0.042593
0 0.952604 0.552778 0.040625 0.035185
