0 0.243229 0.581944 0.031250 0.034259
0 0.295573 0.578241 0.022396 0.037963
0 0.327083 0.573148 0.015625 0.022222
0 0.346875 0.584722 0.020833 0.026852
0 0.362500 0.570370 0.016667 0.020370
0 0.376042 0.558333 0.014583 0.024074
0 0.396615 0.545370 0.020313 0.033333
0 0.379688 0.578704 0.018750 0.016667
0 0.398438 0.602315 0.020833 0.025000
0 0.427604 0.591667 0.020833 0.027778
0 0.477344 0.646759 0.010937 0.019444
0 0.501302 0.653241 0.013021 0.025000
0 0.532292 0.651852 0.019792 0.029630
0 0.572396 0.607870 0.015625 0.028704
0 0.569531 0.684259 0.021354 0.024074
