0 0.202344 0.684722 0.024479 0.043519
0 0.222396 0.592593 0.023958 0.038889
0 0.284635 0.587037 0.015104 0.029630
0 0.298958 0.583796 0.009375 0.032407
0 0.339583 0.568981 0.013542 0.034259
0 0.361979 0.558796 0.015625 0.034259
0 0.376302 0.566667 0.014063 0.025926
0 0.370833 0.579167 0.011458 0.023148
0 0.401042 0.574537 0.023958 0.034259
0 0.440365 0.566667 0.019271 0.035185
0 0.534635 0.564815 0.028646 0.037037
0 0.670052 0.574074 0.027604 0.035185
0 0.744271 0.561111 0.026042 0.046296
0 0.820312 0.554630 0.023958 0.037037
0 0.877604 0.536111 0.021875 0.033333
0 0.913021 0.537500 0.019792 0.032407
