0 0.241927 0.429167 0.031771 0.032407
0 0.266927 0.450000 0.046354 0.025926
0 0.301042 0.464352 0.036458 0.030556
0 0.313281 0.485648 0.039062 0.030556
0 0.471094 0.526852 0.039062 0.031481
0 0.511979 0.540741 0.042708 0.025926
0 0.555208 0.507407 0.048958 0.040741
0 0.627604 0.531944 0.035417 0.041667
0 0.673698 0.518056 0.038021 0.034259
0 0.708854 0.527778 0.042708 0.037037
0 0.753906 0.545370 0.033854 0.024074
0 0.789844 0.543981 0.030729 0.036111
0 0.836198 0.550926 0.043229 0.025926
0 0.873177 0.572222 0.042188 0.029630
0 0.926302 0.552315 0.046354 0.034259
