0 0.260677 0.587963 0.022396 0.014815
0 0.310677 0.587500 0.020313 0.032407
0 0.341667 0.578241 0.016667 0.021296
0 0.364063 0.588889 0.017708 0.018519
0 0.383594 0.574537 0.017188 0.015741
0 0.400000 0.572685 0.014583 0.019444
0 0.396094 0.587037 0.019271 0.018519
0 0.420052 0.564815 0.020313 0.025926
0 0.420833 0.597222 0.022917 0.027778
0 0.448958 0.595370 0.016667 0.022222
0 0.494271 0.642130 0.016667 0.023148
0 0.517969 0.651389 0.016146 0.023148
0 0.543750 0.652315 0.015625 0.019444
0 0.551562 0.712037 0.027083 0.029630
0 0.581250 0.612037 0.015625 0.029630
