0 0.260156 0.606481 0.018229 0.031481
0 0.316146 0.595370 0.021875 0.022222
0 0.347135 0.597685 0.020313 0.034259
0 0.381510 0.595370 0.018229 0.029630
0 0.379948 0.622222 0.014063 0.024074
0 0.414844 0.590741 0.017188 0.025926
0 0.409896 0.625463 0.021875 0.021296
0 0.438542 0.594444 0.015625 0.035185
0 0.453646 0.630093 0.025000 0.030556
0 0.524479 0.672222 0.017708 0.024074
0 0.546615 0.674537 0.016146 0.036111
0 0.593750 0.678241 0.020833 0.036111
0 0.687760 0.618056 0.015104 0.028704
0 0.736719 0.628704 0.017188 0.025926
0 0.316146 0.612037 0.017708 0.014815
