0 0.269792 0.587963 0.014583 0.020370
0 0.320052 0.580093 0.013021 0.019444
0 0.319271 0.596296 0.017708 0.018519
0 0.352344 0.581944 0.015104 0.019444
0 0.370833 0.590278 0.016667 0.015741
0 0.393229 0.575000 0.014583 0.016667
0 0.407813 0.568981 0.017708 0.013889
0 0.405208 0.587963 0.019792 0.011111
0 0.432292 0.574537 0.018750 0.021296
0 0.461198 0.589815 0.020313 0.029630
0 0.430990 0.604630 0.020313 0.020370
0 0.501302 0.633796 0.018229 0.030556
0 0.527604 0.637963 0.019792 0.022222
0 0.553125 0.635648 0.017708 0.028704
0 0.586979 0.610648 0.017708 0.013889
0 0.525000 0.721759 0.015625 0.023148
