0 0.015365 0.575000 0.017188 0.046296
0 0.027604 0.589815 0.012500 0.033333
0 0.057031 0.597685 0.019271 0.034259
0 0.064323 0.574074 0.019271 0.024074
0 0.091927 0.567130 0.019271 0.026852
0 0.114323 0.568056 0.016146 0.028704
0 0.117708 0.601389 0.017708 0.037963
0 0.153125 0.568056 0.021875 0.030556
0 0.162500 0.594907 0.023958 0.030556
0 0.227865 0.604630 0.017188 0.022222
0 0.361198 0.631481 0.023438 0.027778
0 0.437240 0.631481 0.019271 0.035185
0 0.504167 0.623148 0.018750 0.031481
0 0.591667 0.574537 0.025000 0.034259
0 0.637760 0.580093 0.026562 0.039815
