0 0.109115 0.623148 0.019271 0.029630
0 0.155469 0.613889 0.017188 0.027778
0 0.163021 0.639352 0.015625 0.026852
0 0.202344 0.618519 0.022396 0.033333
0 0.235156 0.592130 0.020313 0.032407
0 0.253385 0.595370 0.022396 0.029630
0 0.234896 0.648148 0.025000 0.033333
0 0.263021 0.645370 0.015625 0.033333
0 0.292187 0.606019 0.022917 0.030556
0 0.292969 0.634722 0.021354 0.026852
0 0.349740 0.638426 0.023438 0.032407
0 0.476823 0.689815 0.019271 0.022222
0 0.541927 0.681481 0.017188 0.024074
0 0.611719 0.685185 0.023438 0.038889
0 0.714063 0.607407 0.022917 0.035185
0 0.764844 0.614352 0.022396 0.036111
