0 0.043229 0.456019 0.037500 0.026852
0 0.067969 0.473611 0.019271 0.019444
0 0.090365 0.481944 0.033854 0.023148
0 0.113281 0.488426 0.021354 0.026852
0 0.384896 0.608796 0.027083 0.030556
0 0.401823 0.605556 0.034896 0.044444
0 0.428906 0.595370 0.027604 0.031481
0 0.419792 0.664352 0.040625 0.028704
0 0.496094 0.604167 0.032813 0.015741
0 0.552344 0.596759 0.031771 0.028704
0 0.641146 0.574074 0.027083 0.020370
0 0.696354 0.552315 0.040625 0.028704
0 0.746094 0.527315 0.040104 0.030556
0 0.784896 0.535648 0.030208 0.039815
0 0.607292 0.675926 0.036458 0.033333
