0 0.070833 0.300463 0.043750 0.043519
0 0.057552 0.325926 0.040104 0.040741
0 0.232292 0.364815 0.041667 0.024074
0 0.263021 0.364815 0.028125 0.035185
0 0.280990 0.395370 0.046354 0.027778
0 0.304427 0.393519 0.044271 0.044444
0 0.336979 0.442130 0.050000 0.041667
0 0.387760 0.422685 0.041146 0.034259
0 0.424740 0.423148 0.044271 0.035185
0 0.464323 0.409259 0.052604 0.061111
0 0.529167 0.455556 0.046875 0.044444
0 0.564844 0.481019 0.041146 0.039815
0 0.649740 0.501389 0.047396 0.039815
0 0.689323 0.520370 0.050521 0.031481
0 0.716406 0.510648 0.047396 0.041667
0 0.754687 0.514352 0.052083 0.037963
0 0.792969 0.489352 0.051562 0.039815
