0 0.206250 0.698611 0.016667 0.037963
0 0.231510 0.593056 0.018229 0.021296
0 0.296875 0.568519 0.016667 0.024074
0 0.310677 0.572222 0.014063 0.020370
0 0.345833 0.553241 0.019792 0.026852
0 0.371615 0.562037 0.013021 0.031481
0 0.392708 0.561574 0.015625 0.017593
0 0.383854 0.574537 0.013542 0.017593
0 0.408594 0.566667 0.021354 0.027778
0 0.447917 0.549537 0.025000 0.036111
0 0.540885 0.558796 0.018229 0.037963
0 0.679688 0.577315 0.015625 0.034259
0 0.759635 0.562037 0.031771 0.037037
0 0.835417 0.552778 0.020833 0.027778
0 0.890625 0.537963 0.017708 0.029630
0 0.923698 0.530556 0.024479 0.025926
