0 0.100260 0.842593 0.024479 0.022222
0 0.167187 0.643981 0.013542 0.032407
0 0.236198 0.630093 0.019271 0.028704
0 0.250260 0.634722 0.017188 0.039815
0 0.284375 0.631019 0.015625 0.034259
0 0.309375 0.638426 0.018750 0.034259
0 0.315104 0.656944 0.018750 0.023148
0 0.329167 0.626389 0.017708 0.032407
0 0.335417 0.655093 0.021875 0.021296
0 0.377865 0.620370 0.022396 0.040741
0 0.492448 0.611111 0.019271 0.029630
0 0.628646 0.593056 0.021875 0.041667
0 0.694792 0.586111 0.027083 0.040741
0 0.772396 0.588426 0.023958 0.032407
0 0.815365 0.573148 0.021354 0.035185
0 0.857552 0.582407 0.030729 0.044444
