0 0.147396 0.594907 0.023958 0.034259
0 0.169531 0.642593 0.022396 0.024074
0 0.204948 0.590741 0.016146 0.025926
0 0.219792 0.587963 0.016667 0.037037
0 0.257292 0.576852 0.022917 0.038889
0 0.283073 0.577778 0.014063 0.027778
0 0.298698 0.573148 0.016146 0.022222
0 0.303125 0.589352 0.022917 0.030556
0 0.331250 0.564815 0.021875 0.029630
0 0.360156 0.586574 0.024479 0.034259
0 0.445312 0.594444 0.030208 0.035185
0 0.579427 0.609259 0.033854 0.046296
0 0.657552 0.591667 0.029687 0.031481
0 0.731250 0.592130 0.027083 0.036111
0 0.800521 0.575926 0.021875 0.040741
0 0.834896 0.568056 0.013542 0.028704
