0 0.260417 0.602778 0.020833 0.024074
0 0.316146 0.610648 0.021875 0.028704
0 0.346615 0.599074 0.017188 0.025926
0 0.383073 0.589352 0.017188 0.025000
0 0.376042 0.620370 0.021875 0.024074
0 0.413021 0.597222 0.022917 0.022222
0 0.410677 0.614815 0.025521 0.027778
0 0.439583 0.592130 0.020833 0.025000
0 0.451823 0.624074 0.022396 0.027778
0 0.527604 0.671759 0.019792 0.023148
0 0.547656 0.680556 0.017188 0.027778
0 0.596354 0.691204 0.025000 0.030556
0 0.681771 0.625000 0.019792 0.020370
0 0.733333 0.624537 0.018750 0.028704
