0 0.187500 0.535185 0.045833 0.033333
0 0.220052 0.496296 0.046354 0.038889
0 0.235937 0.523611 0.038542 0.028704
0 0.275260 0.537037 0.040104 0.031481
0 0.313542 0.547685 0.046875 0.039815
0 0.340625 0.584259 0.038542 0.027778
0 0.354427 0.601389 0.028646 0.037963
0 0.389323 0.599074 0.041146 0.033333
0 0.421354 0.624074 0.042708 0.027778
0 0.490365 0.594444 0.034896 0.040741
0 0.496615 0.647222 0.039062 0.037037
0 0.559896 0.646759 0.057292 0.032407
0 0.626823 0.639352 0.047396 0.037963
0 0.677604 0.639352 0.051042 0.030556
0 0.725260 0.634259 0.048438 0.037037
0 0.780990 0.635648 0.047396 0.026852
0 0.836198 0.609722 0.034896 0.037963
