0 0.134635 0.437963 0.047396 0.031481
0 0.148438 0.471296 0.053125 0.031481
0 0.195573 0.486574 0.047396 0.030556
0 0.218490 0.520370 0.057813 0.029630
0 0.289844 0.547222 0.046354 0.031481
0 0.297917 0.580093 0.039583 0.032407
0 0.370833 0.543056 0.042708 0.049074
0 0.372656 0.596759 0.048438 0.041667
0 0.440625 0.566667 0.050000 0.040741
0 0.448958 0.616204 0.056250 0.023148
0 0.495833 0.605556 0.044792 0.029630
0 0.543750 0.574074 0.043750 0.035185
0 0.594271 0.573148 0.047917 0.033333
0 0.589323 0.638889 0.060937 0.027778
0 0.654167 0.564815 0.054167 0.031481
0 0.774219 0.542593 0.041146 0.035185
0 0.842187 0.550926 0.034375 0.038889
