0 0.201563 0.478704 0.065625 0.044444
0 0.208073 0.508796 0.054688 0.028704
0 0.244792 0.502778 0.053125 0.024074
0 0.255469 0.522222 0.046354 0.027778
0 0.301042 0.546296 0.044792 0.033333
0 0.340104 0.541667 0.042708 0.040741
0 0.365885 0.549074 0.044271 0.025926
0 0.399219 0.546759 0.051562 0.037963
0 0.468750 0.568056 0.037500 0.039815
0 0.496615 0.618519 0.033854 0.024074
0 0.534375 0.604167 0.044792 0.036111
0 0.581510 0.648148 0.053646 0.068519
0 0.596875 0.592130 0.055208 0.045370
0 0.654427 0.584259 0.061979 0.055556
0 0.717187 0.570833 0.051042 0.065741
0 0.817969 0.578241 0.044271 0.037963
0 0.893750 0.587037 0.031250 0.025926
