0 0.280469 0.637963 0.029687 0.027778
0 0.325521 0.649074 0.020833 0.025926
0 0.333594 0.635185 0.022396 0.025926
0 0.367188 0.627778 0.022917 0.027778
0 0.406771 0.647222 0.033333 0.037037
0 0.405208 0.604167 0.017708 0.032407
0 0.431771 0.604167 0.014583 0.036111
0 0.452604 0.607870 0.017708 0.019444
0 0.438021 0.657407 0.021875 0.025926
0 0.474219 0.656944 0.018229 0.036111
0 0.417969 0.679630 0.021354 0.035185
0 0.560156 0.713889 0.020313 0.027778
0 0.590885 0.719444 0.022396 0.031481
0 0.650000 0.732407 0.021875 0.029630
0 0.768490 0.632407 0.027604 0.027778
0 0.809635 0.644907 0.019271 0.026852
