0 0.268229 0.606019 0.017708 0.030556
0 0.322656 0.622222 0.023438 0.040741
0 0.352083 0.609722 0.015625 0.025000
0 0.392708 0.593981 0.018750 0.021296
0 0.421615 0.594444 0.019271 0.024074
0 0.446615 0.593056 0.022396 0.030556
0 0.390885 0.623148 0.023438 0.024074
0 0.419792 0.621296 0.020833 0.022222
0 0.457813 0.621296 0.018750 0.025926
0 0.537500 0.679167 0.027083 0.034259
0 0.555990 0.686574 0.022396 0.032407
0 0.604948 0.691667 0.026562 0.025926
0 0.702604 0.623148 0.019792 0.038889
0 0.752604 0.625926 0.022917 0.038889
