0 0.025260 0.581944 0.017188 0.028704
0 0.036719 0.595370 0.017188 0.025926
0 0.074740 0.587963 0.025521 0.040741
0 0.097396 0.572222 0.019792 0.029630
0 0.119271 0.575926 0.020833 0.027778
0 0.127083 0.598611 0.021875 0.025000
0 0.162760 0.567593 0.018229 0.031481
0 0.167448 0.597222 0.024479 0.027778
0 0.228125 0.606481 0.022917 0.029630
0 0.366667 0.643056 0.029167 0.037963
0 0.433854 0.635185 0.020833 0.038889
0 0.508073 0.629167 0.022396 0.026852
0 0.598437 0.575000 0.019792 0.029630
0 0.644792 0.586574 0.015625 0.026852
