0 0.011198 0.450463 0.021354 0.049074
0 0.132552 0.634722 0.052604 0.039815
0 0.190365 0.563889 0.041146 0.040741
0 0.230469 0.565278 0.043229 0.034259
0 0.298698 0.543519 0.063021 0.031481
0 0.354427 0.583333 0.052604 0.022222
0 0.375260 0.657407 0.053646 0.029630
0 0.434115 0.527778 0.051562 0.048148
0 0.442448 0.686574 0.041146 0.026852
0 0.519010 0.677778 0.048438 0.031481
0 0.586458 0.627778 0.043750 0.040741
0 0.645312 0.640278 0.046875 0.032407
0 0.668229 0.624537 0.058333 0.036111
0 0.688281 0.543519 0.048438 0.048148
0 0.767708 0.550000 0.043750 0.040741
0 0.727344 0.601852 0.052604 0.048148
0 0.810937 0.605556 0.045833 0.044444
