0 0.250000 0.581481 0.019792 0.029630
0 0.295573 0.580556 0.018229 0.027778
0 0.329167 0.583333 0.014583 0.020370
0 0.348177 0.577315 0.020313 0.021296
0 0.366406 0.573611 0.019271 0.032407
0 0.380990 0.551852 0.018229 0.024074
0 0.401042 0.557407 0.015625 0.025926
0 0.385156 0.574537 0.023438 0.023148
0 0.403646 0.595833 0.018750 0.032407
0 0.431250 0.584722 0.017708 0.030556
0 0.483333 0.634722 0.018750 0.030556
0 0.506771 0.641204 0.014583 0.034259
0 0.536979 0.637963 0.016667 0.029630
0 0.575000 0.611111 0.016667 0.024074
0 0.568490 0.698148 0.017188 0.018519
