0 0.141667 0.480556 0.023958 0.027778
0 0.168490 0.479167 0.029687 0.028704
0 0.168750 0.500926 0.035417 0.025926
0 0.173958 0.518519 0.036458 0.029630
0 0.328906 0.590741 0.031771 0.022222
0 0.353385 0.574074 0.039062 0.035185
0 0.383854 0.591667 0.026042 0.038889
0 0.462760 0.593056 0.033854 0.026852
0 0.353646 0.664815 0.048958 0.029630
0 0.515104 0.594907 0.028125 0.037963
0 0.596354 0.654630 0.029167 0.031481
0 0.638802 0.624074 0.034896 0.033333
0 0.687240 0.611111 0.033854 0.042593
0 0.752344 0.577315 0.040104 0.039815
0 0.801823 0.553704 0.023438 0.037037
