0 0.116406 0.861111 0.031771 0.037037
0 0.192448 0.652778 0.024479 0.035185
0 0.259896 0.642130 0.016667 0.028704
0 0.275000 0.636574 0.018750 0.030556
0 0.304167 0.643056 0.019792 0.015741
0 0.331250 0.653241 0.017708 0.026852
0 0.339844 0.666204 0.019271 0.025000
0 0.349479 0.637037 0.017708 0.027778
0 0.360677 0.650000 0.023438 0.025926
0 0.395833 0.623611 0.018750 0.021296
0 0.522656 0.606481 0.018229 0.031481
0 0.648177 0.591204 0.019271 0.021296
0 0.713542 0.586574 0.021875 0.030556
0 0.786979 0.575000 0.026042 0.037037
0 0.833594 0.582407 0.019271 0.035185
0 0.871094 0.589352 0.022396 0.026852
