0 0.245573 0.426389 0.039062 0.026852
0 0.265885 0.452315 0.028646 0.023148
0 0.300521 0.460648 0.033333 0.026852
0 0.315365 0.472222 0.034896 0.037037
0 0.476302 0.540278 0.055729 0.030556
0 0.521354 0.552778 0.051042 0.018519
0 0.571875 0.525463 0.050000 0.021296
0 0.636979 0.518519 0.042708 0.038889
0 0.675000 0.506019 0.051042 0.045370
0 0.718490 0.542593 0.045312 0.029630
0 0.763021 0.535185 0.040625 0.025926
0 0.798438 0.547222 0.044792 0.031481
0 0.838802 0.548611 0.035937 0.030556
0 0.882292 0.565741 0.039583 0.033333
0 0.930729 0.561574 0.031250 0.025000
