0 0.187500 0.574537 0.019792 0.030556
0 0.241146 0.567130 0.023958 0.037963
0 0.268490 0.564352 0.018229 0.032407
0 0.294792 0.579630 0.013542 0.020370
0 0.299219 0.568056 0.016146 0.025000
0 0.323437 0.561574 0.016667 0.019444
0 0.325521 0.581944 0.015625 0.019444
0 0.349219 0.567593 0.025521 0.027778
0 0.348438 0.593519 0.023958 0.024074
0 0.376563 0.591667 0.030208 0.027778
0 0.436979 0.653704 0.019792 0.025926
0 0.464583 0.654167 0.021875 0.025000
0 0.501042 0.655093 0.012500 0.021296
0 0.560937 0.607870 0.012500 0.019444
0 0.607031 0.617593 0.021354 0.024074
