0 0.106250 0.837963 0.017708 0.040741
0 0.179167 0.635185 0.021875 0.025926
0 0.244792 0.642130 0.017708 0.034259
0 0.254427 0.650463 0.014063 0.028704
0 0.292969 0.638426 0.022396 0.028704
0 0.314583 0.628704 0.020833 0.040741
0 0.322656 0.658333 0.016146 0.027778
0 0.339062 0.626852 0.017708 0.018519
0 0.346875 0.659259 0.023958 0.027778
0 0.385677 0.620370 0.021354 0.027778
0 0.504948 0.614352 0.020313 0.032407
0 0.634635 0.583333 0.020313 0.033333
0 0.702604 0.577778 0.018750 0.024074
0 0.781510 0.583333 0.026562 0.025926
0 0.820312 0.573148 0.015625 0.035185
0 0.859896 0.571296 0.021875 0.029630
