0 0.167708 0.477778 0.029167 0.033333
0 0.185677 0.493519 0.026562 0.027778
0 0.197135 0.485185 0.030729 0.031481
0 0.189844 0.521759 0.034896 0.021296
0 0.323698 0.587037 0.033854 0.033333
0 0.350781 0.568056 0.029687 0.036111
0 0.379427 0.578704 0.030729 0.044444
0 0.337500 0.655093 0.036458 0.028704
0 0.455208 0.595833 0.040625 0.023148
0 0.512760 0.586111 0.043229 0.040741
0 0.596615 0.643056 0.031771 0.030556
0 0.648177 0.630093 0.035937 0.025000
0 0.698177 0.611574 0.029687 0.034259
0 0.758594 0.587500 0.030729 0.041667
0 0.813281 0.570833 0.032813 0.023148
