0 0.216927 0.633333 0.019271 0.031481
0 0.271094 0.619444 0.023438 0.042593
0 0.272135 0.660185 0.025521 0.044444
0 0.305990 0.635185 0.015104 0.033333
0 0.351302 0.623611 0.017188 0.045370
0 0.370052 0.609722 0.016146 0.030556
0 0.397656 0.618981 0.015104 0.034259
0 0.368229 0.654167 0.014583 0.025000
0 0.397135 0.668519 0.021354 0.044444
0 0.365885 0.690741 0.028646 0.035185
0 0.441406 0.669444 0.021354 0.040741
0 0.559115 0.708796 0.017188 0.025000
0 0.615885 0.708796 0.022396 0.025000
0 0.678125 0.708796 0.019792 0.025000
0 0.799479 0.622222 0.023958 0.037037
0 0.848958 0.635185 0.017708 0.033333
