0 0.016667 0.448148 0.027083 0.024074
0 0.040625 0.443981 0.032292 0.037963
0 0.066667 0.460648 0.025000 0.021296
0 0.078385 0.478241 0.032813 0.017593
0 0.367969 0.578241 0.024479 0.032407
0 0.390104 0.584259 0.031250 0.033333
0 0.417448 0.579630 0.030729 0.033333
0 0.406771 0.642593 0.033333 0.035185
0 0.480208 0.586111 0.033333 0.020370
0 0.539583 0.579630 0.033333 0.035185
0 0.624219 0.552778 0.038021 0.025926
0 0.679427 0.539815 0.038021 0.033333
0 0.725000 0.530093 0.032292 0.030556
0 0.761719 0.518981 0.027604 0.034259
0 0.591406 0.672222 0.039062 0.033333
