0 0.176302 0.484259 0.054688 0.040741
0 0.195052 0.512500 0.048438 0.041667
0 0.296875 0.535185 0.040625 0.027778
0 0.313802 0.562037 0.046354 0.024074
0 0.337500 0.572222 0.055208 0.016667
0 0.357552 0.587963 0.045312 0.024074
0 0.385156 0.590741 0.040104 0.022222
0 0.420833 0.609722 0.047917 0.023148
0 0.459896 0.607870 0.048958 0.026852
0 0.507812 0.605093 0.041667 0.037963
0 0.552083 0.625000 0.035417 0.027778
0 0.610677 0.654630 0.042188 0.044444
0 0.678646 0.678704 0.053125 0.027778
0 0.703125 0.693519 0.042708 0.035185
0 0.742969 0.698148 0.036979 0.024074
0 0.778125 0.658333 0.039583 0.040741
0 0.821875 0.650463 0.044792 0.045370
