0 0.220833 0.642130 0.023958 0.032407
0 0.269010 0.637037 0.020313 0.038889
0 0.304948 0.619907 0.019271 0.043519
0 0.350000 0.631481 0.012500 0.022222
0 0.369271 0.601389 0.019792 0.041667
0 0.396354 0.606019 0.019792 0.043519
0 0.369792 0.652315 0.017708 0.039815
0 0.394531 0.659259 0.015104 0.040741
0 0.362240 0.693056 0.020313 0.026852
0 0.438542 0.660648 0.026042 0.039815
0 0.557292 0.708796 0.020833 0.032407
0 0.614062 0.711574 0.022917 0.043519
0 0.676042 0.706944 0.031250 0.039815
0 0.796875 0.639815 0.025000 0.059259
0 0.846615 0.630556 0.020313 0.048148
