0 0.216406 0.642593 0.017188 0.044444
0 0.267708 0.629167 0.017708 0.034259
0 0.305729 0.605093 0.019792 0.034259
0 0.350000 0.625000 0.015625 0.033333
0 0.367708 0.609259 0.017708 0.025926
0 0.397396 0.596759 0.016667 0.034259
0 0.365104 0.650463 0.018750 0.023148
0 0.389323 0.643519 0.024479 0.031481
0 0.366146 0.684722 0.023958 0.025000
0 0.432552 0.662500 0.011979 0.034259
0 0.547917 0.709722 0.017708 0.034259
0 0.602865 0.712500 0.023438 0.032407
0 0.663542 0.713426 0.021875 0.034259
0 0.787760 0.627778 0.027604 0.040741
0 0.834375 0.624537 0.022917 0.032407
