0 0.198177 0.585648 0.021354 0.026852
0 0.248698 0.583333 0.018229 0.037037
0 0.281771 0.584259 0.017708 0.033333
0 0.309896 0.580093 0.017708 0.019444
0 0.309896 0.604167 0.020833 0.028704
0 0.338021 0.587963 0.017708 0.018519
0 0.337500 0.599074 0.014583 0.020370
0 0.353646 0.608333 0.017708 0.020370
0 0.363021 0.581481 0.017708 0.022222
0 0.385937 0.602315 0.016667 0.015741
0 0.453385 0.674537 0.017188 0.021296
0 0.479427 0.675000 0.019271 0.024074
0 0.516146 0.670833 0.020833 0.021296
0 0.585417 0.621296 0.017708 0.025926
0 0.632292 0.620833 0.017708 0.026852
