0 0.094792 0.451852 0.031250 0.025926
0 0.125260 0.469444 0.025521 0.024074
0 0.137760 0.478241 0.034896 0.026852
0 0.150260 0.506944 0.045312 0.025000
0 0.343490 0.596296 0.034896 0.031481
0 0.363542 0.583333 0.027083 0.027778
0 0.385417 0.584259 0.026042 0.033333
0 0.372917 0.664815 0.039583 0.029630
0 0.468490 0.598611 0.033854 0.030556
0 0.519271 0.600463 0.030208 0.028704
0 0.590365 0.656481 0.029687 0.044444
0 0.624740 0.588889 0.024479 0.046296
0 0.680990 0.572685 0.029687 0.034259
0 0.750000 0.549074 0.039583 0.040741
0 0.793490 0.526852 0.049479 0.025926
