0 0.194792 0.694907 0.043750 0.052778
0 0.247917 0.584722 0.057292 0.043519
0 0.312500 0.594907 0.055208 0.045370
0 0.372135 0.606481 0.064062 0.064815
0 0.250000 0.675463 0.056250 0.047222
0 0.334635 0.712500 0.050521 0.056481
0 0.414062 0.683796 0.054167 0.049074
0 0.503385 0.663426 0.056771 0.062037
0 0.570573 0.662500 0.056771 0.054630
0 0.652865 0.664815 0.045312 0.057407
0 0.712500 0.658333 0.041667 0.055556
0 0.780469 0.635648 0.055729 0.067593
0 0.875260 0.627778 0.051562 0.062963
0 0.941406 0.634722 0.044271 0.062037
