0 0.217969 0.594907 0.022396 0.030556
0 0.273698 0.598611 0.016146 0.023148
0 0.301302 0.599537 0.016146 0.015741
0 0.333073 0.594907 0.017188 0.019444
0 0.332813 0.614352 0.014583 0.017593
0 0.366146 0.596296 0.012500 0.018519
0 0.364583 0.609722 0.014583 0.015741
0 0.371354 0.613426 0.014583 0.015741
0 0.387500 0.596296 0.016667 0.016667
0 0.408073 0.618981 0.016146 0.021296
0 0.478125 0.675926 0.017708 0.016667
0 0.501563 0.681019 0.015625 0.021296
0 0.546875 0.676852 0.019792 0.027778
0 0.618750 0.627315 0.018750 0.023148
0 0.667708 0.624537 0.015625 0.019444
