0 0.178125 0.538426 0.062500 0.034259
0 0.203646 0.516667 0.052083 0.022222
0 0.230729 0.531481 0.040625 0.035185
0 0.267708 0.559722 0.036458 0.032407
0 0.305990 0.568519 0.028646 0.031481
0 0.336979 0.579167 0.033333 0.025000
0 0.354687 0.587500 0.040625 0.049074
0 0.379167 0.615278 0.038542 0.030556
0 0.413802 0.633796 0.049479 0.045370
0 0.485677 0.619907 0.051562 0.030556
0 0.500521 0.655556 0.050000 0.033333
0 0.560417 0.652315 0.041667 0.034259
0 0.627604 0.636111 0.039583 0.031481
0 0.678125 0.642130 0.038542 0.034259
0 0.721875 0.650000 0.045833 0.024074
0 0.771875 0.647222 0.052083 0.025926
0 0.831771 0.631019 0.038542 0.037963
