0 0.196875 0.687963 0.059375 0.038889
0 0.270052 0.641204 0.041146 0.047222
0 0.278906 0.561111 0.039062 0.042593
0 0.335417 0.586111 0.041667 0.051852
0 0.330990 0.702315 0.059896 0.036111
0 0.394010 0.597685 0.046354 0.056481
0 0.433073 0.679167 0.049479 0.054630
0 0.511979 0.672222 0.046875 0.044444
0 0.575260 0.676389 0.034896 0.056481
0 0.651302 0.681944 0.044271 0.052778
0 0.708594 0.683796 0.046354 0.049074
0 0.784115 0.662037 0.045312 0.048148
0 0.872917 0.648148 0.046875 0.061111
0 0.939323 0.645370 0.041146 0.068519
