0 0.254427 0.582407 0.020313 0.029630
0 0.301563 0.583333 0.015625 0.031481
0 0.335156 0.570833 0.016146 0.026852
0 0.352344 0.584722 0.015104 0.026852
0 0.370573 0.563889 0.020313 0.033333
0 0.386458 0.562963 0.015625 0.024074
0 0.387760 0.590278 0.022396 0.025000
0 0.406510 0.556019 0.015104 0.021296
0 0.407813 0.606944 0.015625 0.023148
0 0.436719 0.593981 0.022396 0.034259
0 0.482812 0.646296 0.018750 0.037037
0 0.508854 0.648148 0.019792 0.031481
0 0.535156 0.650926 0.014063 0.031481
0 0.575781 0.613889 0.010937 0.018519
0 0.560156 0.698611 0.017188 0.021296
