0 0.300260 0.631019 0.025521 0.034259
0 0.348698 0.635185 0.017188 0.027778
0 0.355729 0.625000 0.023958 0.048148
0 0.389062 0.635185 0.021875 0.042593
0 0.422656 0.607870 0.017188 0.032407
0 0.452083 0.603241 0.015625 0.030556
0 0.473698 0.600463 0.015104 0.028704
0 0.423177 0.642593 0.020313 0.027778
0 0.439063 0.662037 0.019792 0.027778
0 0.453906 0.643519 0.015104 0.025926
0 0.488281 0.650463 0.019271 0.023148
0 0.567708 0.702315 0.014583 0.032407
0 0.592969 0.702315 0.018229 0.032407
0 0.642448 0.716667 0.021354 0.027778
0 0.760938 0.638889 0.018750 0.027778
0 0.804948 0.642593 0.022396 0.027778
