0 0.291146 0.642130 0.020833 0.036111
0 0.345052 0.638889 0.024479 0.035185
0 0.377083 0.626389 0.019792 0.023148
0 0.411979 0.611574 0.017708 0.037963
0 0.443750 0.605556 0.017708 0.029630
0 0.460938 0.600463 0.014583 0.028704
0 0.417708 0.648611 0.025000 0.032407
0 0.442448 0.649074 0.020313 0.027778
0 0.480208 0.656019 0.016667 0.026852
0 0.431250 0.669444 0.019792 0.035185
0 0.563021 0.720370 0.023958 0.027778
0 0.592187 0.717130 0.020833 0.028704
0 0.645052 0.731481 0.019271 0.027778
0 0.767448 0.647685 0.025521 0.025000
0 0.812500 0.656944 0.031250 0.037963
