0 0.200521 0.697222 0.021875 0.027778
0 0.224219 0.585185 0.027604 0.025926
0 0.285417 0.576852 0.013542 0.022222
0 0.302604 0.570370 0.016667 0.033333
0 0.340625 0.561111 0.019792 0.018519
0 0.368229 0.559259 0.020833 0.027778
0 0.374479 0.573611 0.013542 0.019444
0 0.382552 0.552315 0.011979 0.026852
0 0.406771 0.562963 0.023958 0.025926
0 0.443490 0.557407 0.028646 0.029630
0 0.536719 0.565278 0.027604 0.030556
0 0.674219 0.573148 0.026562 0.027778
0 0.749219 0.573611 0.020313 0.036111
0 0.828125 0.560185 0.027083 0.033333
0 0.885156 0.530556 0.020313 0.038889
0 0.919531 0.534722 0.021354 0.034259
