0 0.163021 0.421759 0.042708 0.034259
0 0.192448 0.447222 0.045312 0.024074
0 0.239323 0.451852 0.046354 0.037037
0 0.270313 0.488889 0.052083 0.031481
0 0.332813 0.562963 0.042708 0.029630
0 0.361458 0.523611 0.055208 0.037963
0 0.396615 0.502778 0.042188 0.038889
0 0.420052 0.570833 0.047396 0.050926
0 0.485677 0.609722 0.068229 0.030556
0 0.523177 0.571759 0.039062 0.028704
0 0.538802 0.558796 0.050521 0.034259
0 0.555208 0.521296 0.043750 0.044444
0 0.605990 0.546296 0.048438 0.027778
0 0.652344 0.527778 0.053646 0.040741
0 0.630990 0.593056 0.061979 0.037963
0 0.795833 0.502315 0.050000 0.045370
0 0.872656 0.510648 0.027604 0.034259
