0 0.136719 0.631019 0.027604 0.026852
0 0.185156 0.634259 0.021354 0.040741
0 0.224479 0.621759 0.014583 0.034259
0 0.262500 0.609722 0.015625 0.030556
0 0.281510 0.602315 0.020313 0.032407
0 0.317448 0.602315 0.023438 0.039815
0 0.263021 0.648148 0.022917 0.040741
0 0.290885 0.633333 0.017188 0.031481
0 0.321615 0.645833 0.021354 0.039815
0 0.372396 0.634259 0.025000 0.027778
0 0.498437 0.684722 0.018750 0.032407
0 0.564323 0.683333 0.022396 0.035185
0 0.632292 0.694907 0.020833 0.037963
0 0.734375 0.608796 0.020833 0.034259
0 0.787760 0.606019 0.022396 0.036111
