0 0.215885 0.475000 0.044271 0.031481
0 0.230469 0.503704 0.054688 0.037037
0 0.275781 0.485648 0.045312 0.036111
0 0.282292 0.517593 0.054167 0.037037
0 0.335938 0.520370 0.042708 0.042593
0 0.387500 0.513426 0.037500 0.045370
0 0.391927 0.544907 0.032813 0.030556
0 0.426042 0.536111 0.030208 0.035185
0 0.492969 0.542593 0.054688 0.029630
0 0.525781 0.605556 0.049479 0.029630
0 0.559375 0.607870 0.029167 0.041667
0 0.619792 0.593981 0.045833 0.047222
0 0.605469 0.646296 0.041146 0.031481
0 0.685677 0.555556 0.046354 0.048148
0 0.752604 0.561111 0.042708 0.025926
0 0.860417 0.581944 0.059375 0.037963
0 0.928646 0.583796 0.050000 0.032407
