0 0.016146 0.450463 0.031250 0.034259
0 0.033594 0.443981 0.022396 0.026852
0 0.057292 0.467130 0.025000 0.026852
0 0.079687 0.463426 0.034375 0.039815
0 0.370573 0.580556 0.030729 0.042593
0 0.390104 0.588426 0.023958 0.036111
0 0.423177 0.585185 0.031771 0.031481
0 0.409635 0.645833 0.039062 0.026852
0 0.482292 0.582407 0.037500 0.029630
0 0.540365 0.580093 0.034896 0.032407
0 0.622917 0.549537 0.037500 0.034259
0 0.679688 0.539352 0.041667 0.039815
0 0.723958 0.523611 0.031250 0.028704
0 0.755469 0.525463 0.028646 0.028704
0 0.588802 0.668056 0.032813 0.036111
