0 0.232813 0.567593 0.026042 0.018519
0 0.283594 0.569444 0.025521 0.035185
0 0.315885 0.559722 0.020313 0.025000
0 0.334635 0.572685 0.014063 0.012037
0 0.349740 0.552315 0.016146 0.025000
0 0.366146 0.552315 0.014583 0.021296
0 0.384635 0.537037 0.015104 0.022222
0 0.366927 0.575000 0.020313 0.020370
0 0.384635 0.593519 0.016146 0.025926
0 0.410938 0.582870 0.018750 0.021296
0 0.466406 0.635648 0.015104 0.025000
0 0.492188 0.640278 0.013542 0.023148
0 0.517969 0.638889 0.017188 0.031481
0 0.562500 0.608333 0.014583 0.027778
0 0.561979 0.672685 0.017708 0.019444
