0 0.016927 0.436111 0.032813 0.022222
0 0.042708 0.435185 0.031250 0.024074
0 0.055990 0.456944 0.035937 0.026852
0 0.368750 0.560648 0.034375 0.025000
0 0.388021 0.562037 0.025000 0.031481
0 0.420052 0.556944 0.035937 0.034259
0 0.408594 0.617593 0.035937 0.025926
0 0.477344 0.565741 0.033854 0.020370
0 0.537240 0.559259 0.026562 0.027778
0 0.621615 0.533796 0.034896 0.025000
0 0.673698 0.528704 0.027604 0.018519
0 0.710938 0.515741 0.031250 0.027778
0 0.746354 0.516667 0.026042 0.029630
0 0.580208 0.666667 0.032292 0.027778
