0 0.025521 0.608796 0.022917 0.034259
0 0.075521 0.593056 0.017708 0.026852
0 0.085677 0.613889 0.016146 0.027778
0 0.120052 0.585648 0.022396 0.036111
0 0.147396 0.573148 0.015625 0.025926
0 0.170573 0.574074 0.016146 0.033333
0 0.210417 0.568981 0.017708 0.034259
0 0.139063 0.608796 0.020833 0.023148
0 0.178906 0.604167 0.018229 0.026852
0 0.216667 0.617593 0.018750 0.040741
0 0.273438 0.613426 0.017708 0.030556
0 0.407292 0.660648 0.025000 0.039815
0 0.472396 0.650926 0.021875 0.038889
0 0.545833 0.649074 0.021875 0.033333
0 0.640365 0.592130 0.024479 0.039815
0 0.688542 0.582870 0.021875 0.034259
