0 0.155729 0.500926 0.040625 0.025926
0 0.186198 0.500463 0.043229 0.013889
0 0.269531 0.528704 0.035937 0.029630
0 0.296875 0.558796 0.040625 0.026852
0 0.318229 0.582407 0.040625 0.018519
0 0.345573 0.583333 0.036979 0.020370
0 0.368490 0.600463 0.041146 0.019444
0 0.394271 0.619444 0.030208 0.024074
0 0.429427 0.624537 0.030729 0.026852
0 0.489844 0.648611 0.058854 0.028704
0 0.528646 0.625926 0.047917 0.020370
0 0.594792 0.670370 0.045833 0.024074
0 0.650521 0.672685 0.052083 0.026852
0 0.683073 0.700000 0.046354 0.022222
0 0.732031 0.694444 0.039062 0.037037
0 0.758333 0.674537 0.056250 0.039815
0 0.817708 0.662037 0.048958 0.025926
