0 0.122135 0.462037 0.038021 0.029630
0 0.152083 0.483333 0.035417 0.027778
0 0.156250 0.487963 0.029167 0.022222
0 0.163281 0.514815 0.036979 0.022222
0 0.340104 0.601389 0.035417 0.028704
0 0.353385 0.583796 0.026562 0.032407
0 0.379688 0.590741 0.029167 0.025926
0 0.357812 0.667130 0.042708 0.025000
0 0.462500 0.594907 0.036458 0.025000
0 0.513021 0.589352 0.036458 0.030556
0 0.592187 0.656481 0.029167 0.037037
0 0.629167 0.599537 0.029167 0.037963
0 0.677083 0.588426 0.029167 0.032407
0 0.746875 0.563889 0.027083 0.031481
0 0.796094 0.537500 0.028646 0.043519
