0 0.017969 0.448611 0.034896 0.036111
0 0.133073 0.661111 0.075521 0.044444
0 0.196094 0.591204 0.052604 0.054630
0 0.233333 0.599074 0.051042 0.050000
0 0.301823 0.553704 0.049479 0.031481
0 0.354427 0.597222 0.056771 0.048148
0 0.382552 0.662500 0.073438 0.034259
0 0.443490 0.543519 0.058854 0.051852
0 0.446354 0.709259 0.057292 0.044444
0 0.521875 0.679630 0.058333 0.038889
0 0.589063 0.659259 0.041667 0.048148
0 0.654167 0.670370 0.050000 0.044444
0 0.674219 0.631481 0.069271 0.040741
0 0.693490 0.555093 0.049479 0.054630
0 0.782552 0.557870 0.051562 0.050926
0 0.746354 0.611111 0.052083 0.050000
0 0.821615 0.606019 0.067187 0.028704
