0 0.204427 0.517593 0.031771 0.031481
0 0.216406 0.526852 0.027604 0.025926
0 0.211458 0.534722 0.034375 0.017593
0 0.209635 0.550926 0.040104 0.029630
0 0.318490 0.589352 0.036979 0.034259
0 0.344010 0.575463 0.035937 0.043519
0 0.381771 0.586574 0.033333 0.039815
0 0.332292 0.651852 0.038542 0.022222
0 0.455469 0.612500 0.025521 0.025000
0 0.506250 0.619444 0.034375 0.031481
0 0.597917 0.665741 0.025000 0.035185
0 0.660156 0.671296 0.032813 0.029630
0 0.711979 0.671296 0.022917 0.018519
0 0.777344 0.650463 0.031771 0.030556
0 0.828646 0.630556 0.030208 0.031481
