0 0.204948 0.638426 0.030729 0.026852
0 0.251302 0.636111 0.016146 0.040741
0 0.292187 0.631481 0.019792 0.033333
0 0.332292 0.630093 0.018750 0.030556
0 0.352083 0.612500 0.018750 0.030556
0 0.382812 0.606019 0.018750 0.036111
0 0.340365 0.683796 0.015104 0.026852
0 0.352604 0.649074 0.012500 0.022222
0 0.378906 0.647685 0.023438 0.037963
0 0.425260 0.655556 0.018229 0.033333
0 0.551042 0.696759 0.013542 0.036111
0 0.611458 0.693519 0.017708 0.025926
0 0.679427 0.710185 0.019271 0.035185
0 0.790365 0.632407 0.019271 0.027778
0 0.843490 0.626389 0.030729 0.030556
