0 0.192708 0.569444 0.033333 0.025926
0 0.234635 0.569907 0.017188 0.028704
0 0.264583 0.573611 0.020833 0.026852
0 0.297135 0.562500 0.016146 0.026852
0 0.292969 0.585185 0.013021 0.027778
0 0.319792 0.569444 0.020833 0.033333
0 0.346875 0.570833 0.020833 0.025000
0 0.346094 0.598148 0.022396 0.029630
0 0.371094 0.579167 0.018229 0.028704
0 0.437240 0.648611 0.015104 0.025000
0 0.463021 0.661574 0.017708 0.034259
0 0.499219 0.655556 0.017188 0.022222
0 0.564844 0.606481 0.018229 0.020370
0 0.609635 0.618056 0.021354 0.028704
