0 0.203906 0.584259 0.018229 0.027778
0 0.254427 0.598148 0.017188 0.029630
0 0.280469 0.598611 0.016146 0.025000
0 0.315625 0.587500 0.016667 0.017593
0 0.311979 0.600000 0.016667 0.018519
0 0.347656 0.592130 0.019271 0.025000
0 0.357031 0.608796 0.018229 0.017593
0 0.366927 0.595833 0.014063 0.025000
0 0.391146 0.607407 0.016667 0.025926
0 0.460417 0.666667 0.018750 0.024074
0 0.482292 0.680093 0.020833 0.023148
0 0.520573 0.671759 0.017188 0.021296
0 0.592187 0.622685 0.013542 0.023148
0 0.642448 0.627315 0.019271 0.025000
