0 0.012240 0.587500 0.023438 0.039815
0 0.058073 0.583796 0.019271 0.034259
0 0.071094 0.592130 0.017188 0.028704
0 0.075260 0.617130 0.021354 0.034259
0 0.111198 0.579167 0.021354 0.034259
0 0.137500 0.572685 0.015625 0.034259
0 0.154427 0.583333 0.014063 0.022222
0 0.157292 0.600926 0.013542 0.018519
0 0.193750 0.594444 0.015625 0.033333
0 0.206510 0.604630 0.017188 0.027778
0 0.282813 0.608333 0.025000 0.040741
0 0.414583 0.632407 0.025000 0.024074
0 0.490365 0.618519 0.021354 0.033333
0 0.565365 0.611111 0.021354 0.029630
0 0.643490 0.578241 0.019271 0.030556
0 0.688542 0.578704 0.023958 0.024074
