0 0.106510 0.596296 0.015104 0.031481
0 0.148698 0.643519 0.028646 0.025926
0 0.167448 0.607407 0.013021 0.033333
0 0.177083 0.598148 0.016667 0.035185
0 0.218490 0.583796 0.022396 0.036111
0 0.243750 0.599537 0.015625 0.030556
0 0.259375 0.587037 0.015625 0.027778
0 0.263281 0.609722 0.019271 0.023148
0 0.302604 0.581481 0.032292 0.037037
0 0.323437 0.618981 0.032292 0.034259
0 0.399479 0.616204 0.017708 0.025000
0 0.537240 0.627315 0.026562 0.026852
0 0.605729 0.612500 0.029167 0.030556
0 0.690365 0.611111 0.028646 0.027778
0 0.764323 0.588889 0.022396 0.029630
0 0.795312 0.583333 0.019792 0.027778
