0 0.305469 0.616204 0.022396 0.032407
0 0.351823 0.626389 0.020313 0.036111
0 0.383333 0.622685 0.017708 0.030556
0 0.423438 0.609259 0.015625 0.024074
0 0.424219 0.637037 0.018229 0.029630
0 0.456771 0.603241 0.013542 0.034259
0 0.442188 0.655556 0.015625 0.035185
0 0.450781 0.643981 0.017188 0.025000
0 0.477604 0.602778 0.018750 0.022222
0 0.492708 0.655093 0.023958 0.039815
0 0.569010 0.692130 0.014063 0.025000
0 0.593490 0.699537 0.021354 0.017593
0 0.640365 0.699537 0.018229 0.030556
0 0.751042 0.631944 0.019792 0.041667
0 0.802344 0.642593 0.033854 0.040741
