0 0.152083 0.636574 0.016667 0.036111
0 0.205729 0.631481 0.020833 0.035185
0 0.241406 0.617130 0.019271 0.037963
0 0.279427 0.616204 0.016146 0.032407
0 0.300260 0.595370 0.015104 0.044444
0 0.336458 0.604630 0.026042 0.048148
0 0.285677 0.660185 0.017188 0.029630
0 0.305208 0.641667 0.015625 0.033333
0 0.333333 0.646759 0.014583 0.032407
0 0.383594 0.636574 0.022396 0.032407
0 0.507552 0.693056 0.023438 0.034259
0 0.571875 0.694444 0.019792 0.027778
0 0.639062 0.705556 0.018750 0.037037
0 0.754427 0.624537 0.028646 0.047222
0 0.799479 0.624074 0.023958 0.044444
