0 0.250000 0.422685 0.050000 0.034259
0 0.264323 0.443519 0.041146 0.025926
0 0.296354 0.446759 0.040625 0.034259
0 0.309635 0.475926 0.054688 0.037037
0 0.482292 0.534722 0.033333 0.030556
0 0.526302 0.551389 0.036979 0.030556
0 0.579688 0.523611 0.041667 0.028704
0 0.643750 0.511111 0.043750 0.042593
0 0.687240 0.520370 0.046354 0.024074
0 0.724219 0.541204 0.029687 0.017593
0 0.769792 0.516667 0.040625 0.044444
0 0.804427 0.559722 0.044271 0.032407
0 0.844792 0.535648 0.040625 0.039815
0 0.887500 0.557407 0.043750 0.038889
0 0.941146 0.549537 0.039583 0.047222
