0 0.174740 0.600926 0.019271 0.033333
0 0.183333 0.655556 0.025000 0.027778
0 0.235417 0.590278 0.013542 0.026852
0 0.250260 0.599074 0.014063 0.031481
0 0.291667 0.586574 0.015625 0.021296
0 0.313281 0.572222 0.018229 0.031481
0 0.328125 0.580093 0.017708 0.028704
0 0.361458 0.577778 0.021875 0.031481
0 0.395052 0.591667 0.021354 0.037037
0 0.483073 0.580556 0.033854 0.042593
0 0.616146 0.605556 0.014583 0.037037
0 0.691927 0.590741 0.019271 0.027778
0 0.770573 0.577315 0.020313 0.034259
0 0.834896 0.564815 0.021875 0.029630
0 0.865885 0.564352 0.022396 0.030556
