0 0.129427 0.439815 0.046354 0.025926
0 0.133333 0.470833 0.052083 0.026852
0 0.179688 0.493981 0.054167 0.021296
0 0.202865 0.521759 0.048438 0.028704
0 0.260156 0.545833 0.043229 0.021296
0 0.291146 0.566204 0.039583 0.028704
0 0.362240 0.561111 0.059896 0.029630
0 0.349219 0.594444 0.067187 0.040741
0 0.398177 0.554630 0.047396 0.051852
0 0.434115 0.614815 0.046354 0.033333
0 0.489323 0.603704 0.055729 0.035185
0 0.530729 0.570370 0.054167 0.042593
0 0.564844 0.638426 0.047396 0.034259
0 0.589583 0.585185 0.054167 0.031481
0 0.652083 0.572222 0.063542 0.038889
0 0.771094 0.552315 0.044271 0.028704
0 0.847917 0.560185 0.040625 0.035185
