0 0.207031 0.506481 0.038021 0.037037
0 0.214844 0.525926 0.034896 0.020370
0 0.208594 0.534722 0.042188 0.013889
0 0.208594 0.549074 0.034896 0.025926
0 0.309896 0.589352 0.032292 0.025000
0 0.338542 0.592130 0.030208 0.039815
0 0.378906 0.590278 0.042188 0.039815
0 0.329427 0.642593 0.036979 0.027778
0 0.453906 0.609259 0.030729 0.029630
0 0.501823 0.618519 0.032813 0.040741
0 0.592708 0.658796 0.030208 0.034259
0 0.656250 0.664352 0.035417 0.039815
0 0.712500 0.654630 0.027083 0.044444
0 0.779687 0.642593 0.034375 0.048148
0 0.823177 0.638426 0.035937 0.028704
