0 0.244792 0.636574 0.020833 0.037963
0 0.293229 0.633796 0.016667 0.025000
0 0.297917 0.621296 0.018750 0.029630
0 0.326042 0.609259 0.017708 0.031481
0 0.364063 0.606944 0.017708 0.034259
0 0.391146 0.601852 0.017708 0.027778
0 0.412760 0.591204 0.018229 0.034259
0 0.375000 0.653241 0.019792 0.030556
0 0.398958 0.639352 0.021875 0.034259
0 0.441406 0.650463 0.024479 0.030556
0 0.382031 0.675926 0.017188 0.033333
0 0.530990 0.710185 0.015104 0.027778
0 0.558854 0.717593 0.021875 0.040741
0 0.619531 0.730093 0.021354 0.034259
0 0.738802 0.631481 0.013021 0.027778
0 0.783854 0.640741 0.021875 0.037037
