0 0.158073 0.489352 0.055729 0.030556
0 0.183854 0.501389 0.050000 0.026852
0 0.273438 0.538426 0.040625 0.034259
0 0.297917 0.557870 0.057292 0.019444
0 0.319792 0.573148 0.048958 0.020370
0 0.342708 0.593981 0.047917 0.021296
0 0.370052 0.599537 0.033854 0.025000
0 0.400000 0.611111 0.046875 0.042593
0 0.438021 0.619907 0.047917 0.023148
0 0.492448 0.636111 0.049479 0.040741
0 0.530208 0.631481 0.037500 0.022222
0 0.598958 0.669444 0.050000 0.029630
0 0.650781 0.675000 0.060937 0.038889
0 0.682552 0.703241 0.033854 0.028704
0 0.730990 0.706019 0.040104 0.023148
0 0.757552 0.666204 0.044271 0.036111
0 0.801042 0.656481 0.054167 0.048148
