0 0.129167 0.796296 0.017708 0.027778
0 0.176042 0.636111 0.015625 0.031481
0 0.242969 0.619907 0.014063 0.015741
0 0.255729 0.609259 0.025000 0.022222
0 0.291667 0.611111 0.025000 0.027778
0 0.315365 0.624074 0.015104 0.033333
0 0.326042 0.643981 0.016667 0.023148
0 0.334635 0.612037 0.022396 0.024074
0 0.345833 0.636574 0.019792 0.023148
0 0.390104 0.605556 0.023958 0.029630
0 0.501042 0.606019 0.028125 0.030556
0 0.634115 0.592593 0.019271 0.029630
0 0.703906 0.575463 0.024479 0.030556
0 0.785156 0.570833 0.024479 0.034259
0 0.829688 0.572222 0.022917 0.048148
0 0.866146 0.556019 0.020833 0.039815
