0 0.051823 0.328241 0.051562 0.056481
0 0.237240 0.369907 0.032813 0.037963
0 0.266406 0.375926 0.051562 0.018519
0 0.285938 0.405093 0.042708 0.028704
0 0.304167 0.408333 0.043750 0.025926
0 0.345052 0.436111 0.036979 0.035185
0 0.398698 0.412037 0.032813 0.042593
0 0.426302 0.416204 0.040104 0.058333
0 0.466406 0.431019 0.047396 0.028704
0 0.534635 0.465278 0.046354 0.032407
0 0.576302 0.475000 0.040104 0.044444
0 0.650781 0.481481 0.049479 0.055556
0 0.695312 0.530093 0.037500 0.032407
0 0.721094 0.529630 0.048438 0.040741
0 0.763542 0.512963 0.041667 0.037037
0 0.801562 0.506944 0.042708 0.043519
