0 0.217188 0.612037 0.019792 0.044444
0 0.271094 0.608333 0.019271 0.033333
0 0.270833 0.637500 0.014583 0.025000
0 0.302083 0.614815 0.015625 0.040741
0 0.346615 0.606019 0.014063 0.039815
0 0.374479 0.605556 0.015625 0.038889
0 0.396094 0.608333 0.015104 0.033333
0 0.364844 0.637037 0.019271 0.025926
0 0.392188 0.650926 0.022917 0.038889
0 0.434375 0.656481 0.022917 0.031481
0 0.365104 0.691204 0.023958 0.030556
0 0.539062 0.706944 0.023958 0.028704
0 0.594792 0.696759 0.022917 0.047222
0 0.655729 0.694907 0.029167 0.039815
0 0.776823 0.607870 0.019271 0.032407
0 0.827344 0.622222 0.020313 0.031481
