0 0.110417 0.893519 0.018750 0.018519
0 0.195573 0.656019 0.020313 0.028704
0 0.262500 0.652315 0.018750 0.023148
0 0.277604 0.649537 0.018750 0.026852
0 0.310417 0.651852 0.020833 0.029630
0 0.334896 0.654167 0.016667 0.025000
0 0.339844 0.665741 0.018229 0.024074
0 0.356250 0.637963 0.020833 0.029630
0 0.360677 0.666204 0.024479 0.026852
0 0.405208 0.627315 0.028125 0.032407
0 0.528385 0.631944 0.020313 0.032407
0 0.653646 0.609259 0.016667 0.029630
0 0.717969 0.600926 0.019271 0.018519
0 0.789062 0.610185 0.027083 0.031481
0 0.832031 0.603241 0.026562 0.034259
0 0.877604 0.607407 0.019792 0.027778
