0 0.128646 0.589815 0.017708 0.020370
0 0.162760 0.647222 0.018229 0.022222
0 0.189062 0.596759 0.016667 0.021296
0 0.200781 0.602778 0.014063 0.024074
0 0.242188 0.589352 0.015625 0.025000
0 0.264583 0.586111 0.015625 0.020370
0 0.279167 0.584722 0.017708 0.023148
0 0.285938 0.604630 0.018750 0.014815
0 0.321875 0.582870 0.020833 0.026852
0 0.347135 0.608796 0.020313 0.030556
0 0.426563 0.593519 0.017708 0.027778
0 0.561198 0.611111 0.025521 0.027778
0 0.632552 0.604167 0.025521 0.028704
0 0.713021 0.595370 0.022917 0.029630
0 0.784635 0.573611 0.020313 0.036111
0 0.819271 0.575926 0.017708 0.031481
