0 0.184115 0.760185 0.016146 0.031481
0 0.221615 0.609259 0.014063 0.025926
0 0.285677 0.609259 0.014063 0.031481
0 0.298958 0.605556 0.013542 0.031481
0 0.339844 0.597222 0.015104 0.033333
0 0.361719 0.591667 0.016146 0.031481
0 0.378646 0.595833 0.014583 0.023148
0 0.368490 0.619444 0.021354 0.024074
0 0.395573 0.621759 0.017188 0.026852
0 0.440625 0.592130 0.030208 0.037963
0 0.535937 0.587963 0.020833 0.020370
0 0.674740 0.593056 0.024479 0.030556
0 0.748437 0.586111 0.021875 0.040741
0 0.825260 0.566204 0.028646 0.026852
0 0.876823 0.550463 0.022396 0.043519
0 0.914323 0.545370 0.017188 0.033333
