0 0.190104 0.682407 0.063542 0.064815
0 0.251042 0.656944 0.050000 0.036111
0 0.261198 0.589352 0.045312 0.045370
0 0.315885 0.610185 0.051562 0.055556
0 0.373437 0.625000 0.054167 0.053704
0 0.418229 0.703241 0.053125 0.054630
0 0.327865 0.739815 0.052604 0.057407
0 0.502083 0.693056 0.046875 0.056481
0 0.570573 0.686574 0.035937 0.054630
0 0.648438 0.675463 0.058333 0.062037
0 0.706250 0.676389 0.047917 0.069444
0 0.780469 0.665741 0.061979 0.061111
0 0.875521 0.655093 0.053125 0.041667
0 0.939063 0.651852 0.044792 0.053704
