0 0.179427 0.621759 0.018229 0.041667
0 0.226302 0.616204 0.015104 0.037963
0 0.229167 0.643981 0.016667 0.036111
0 0.264844 0.623148 0.016146 0.037037
0 0.305469 0.603241 0.016146 0.034259
0 0.326302 0.600463 0.017188 0.039815
0 0.315365 0.663426 0.023438 0.037963
0 0.330469 0.653704 0.018229 0.031481
0 0.356510 0.647222 0.020313 0.025926
0 0.352344 0.615741 0.020313 0.024074
0 0.406771 0.655556 0.023958 0.046296
0 0.528646 0.697222 0.021875 0.040741
0 0.592708 0.694907 0.019792 0.032407
0 0.656771 0.687963 0.018750 0.044444
0 0.770312 0.610185 0.022917 0.031481
0 0.817187 0.616667 0.022917 0.037037
