0 0.189323 0.565278 0.024479 0.036111
0 0.235677 0.578241 0.015104 0.030556
0 0.265365 0.580093 0.016146 0.023148
0 0.295312 0.580556 0.014583 0.025926
0 0.300000 0.565741 0.018750 0.029630
0 0.327865 0.576389 0.022396 0.030556
0 0.348438 0.581019 0.016667 0.025000
0 0.343490 0.595370 0.023438 0.024074
0 0.372656 0.588426 0.018229 0.034259
0 0.442188 0.652315 0.014583 0.021296
0 0.468229 0.650463 0.018750 0.026852
0 0.505469 0.651852 0.021354 0.024074
0 0.566667 0.609722 0.016667 0.015741
0 0.613281 0.620370 0.014063 0.024074
