0 0.101042 0.460185 0.039583 0.025926
0 0.130990 0.470833 0.025521 0.026852
0 0.142708 0.492130 0.044792 0.025000
0 0.149479 0.504167 0.027083 0.034259
0 0.340104 0.602778 0.027083 0.025926
0 0.358594 0.589815 0.035937 0.027778
0 0.381510 0.598611 0.029687 0.030556
0 0.360417 0.657870 0.037500 0.025000
0 0.470573 0.597685 0.028646 0.026852
0 0.518229 0.604167 0.034375 0.028704
0 0.595833 0.645833 0.032292 0.039815
0 0.619531 0.601389 0.038021 0.037963
0 0.680469 0.575000 0.041146 0.042593
0 0.740885 0.544907 0.034896 0.043519
0 0.791146 0.542593 0.029167 0.027778
