0 0.135677 0.322685 0.047396 0.034259
0 0.140104 0.341667 0.050000 0.044444
0 0.264583 0.388426 0.040625 0.026852
0 0.290885 0.398611 0.047396 0.026852
0 0.303646 0.415278 0.038542 0.019444
0 0.328125 0.420833 0.042708 0.023148
0 0.351302 0.449537 0.048438 0.034259
0 0.399219 0.451389 0.044271 0.025000
0 0.437240 0.446759 0.040104 0.032407
0 0.480208 0.444444 0.048958 0.029630
0 0.535156 0.458333 0.053646 0.037037
0 0.578646 0.504630 0.044792 0.025926
0 0.653646 0.513426 0.044792 0.032407
0 0.689323 0.543056 0.046354 0.026852
0 0.720313 0.526852 0.050000 0.051852
0 0.758333 0.525000 0.052083 0.035185
0 0.802865 0.499074 0.053646 0.038889
