0 0.201563 0.606481 0.023958 0.038889
0 0.244792 0.628241 0.020833 0.021296
0 0.248698 0.603704 0.020313 0.033333
0 0.285417 0.605093 0.029167 0.034259
0 0.326562 0.585648 0.027083 0.032407
0 0.351562 0.577315 0.023958 0.047222
0 0.368229 0.592130 0.020833 0.028704
0 0.330469 0.620833 0.019271 0.026852
0 0.356771 0.632870 0.017708 0.034259
0 0.396094 0.631481 0.019271 0.027778
0 0.341667 0.656019 0.020833 0.028704
0 0.488802 0.694907 0.018229 0.037963
0 0.526302 0.699537 0.021354 0.034259
0 0.577865 0.706019 0.015104 0.023148
0 0.701823 0.609722 0.018229 0.037963
0 0.749479 0.629167 0.022917 0.045370
