0 0.167969 0.602315 0.021354 0.032407
0 0.179948 0.663889 0.022396 0.024074
0 0.228125 0.587963 0.018750 0.024074
0 0.243750 0.597222 0.014583 0.027778
0 0.286719 0.578704 0.019271 0.024074
0 0.307812 0.573148 0.013542 0.027778
0 0.321354 0.572222 0.019792 0.029630
0 0.330990 0.595370 0.017188 0.025926
0 0.361979 0.578704 0.025000 0.037037
0 0.393229 0.582870 0.028125 0.034259
0 0.472917 0.576852 0.018750 0.033333
0 0.610677 0.606481 0.021354 0.037037
0 0.686458 0.586574 0.025000 0.026852
0 0.761719 0.575926 0.020313 0.037037
0 0.825000 0.563426 0.020833 0.028704
0 0.859896 0.567130 0.025000 0.026852
