0 0.139323 0.784259 0.019271 0.037037
0 0.183594 0.631481 0.019271 0.033333
0 0.246094 0.620370 0.017188 0.037037
0 0.261719 0.616667 0.014063 0.037037
0 0.298177 0.607407 0.019271 0.033333
0 0.324479 0.619444 0.018750 0.029630
0 0.344010 0.606481 0.023438 0.038889
0 0.327865 0.642593 0.021354 0.020370
0 0.353906 0.634722 0.022396 0.034259
0 0.394271 0.604167 0.019792 0.036111
0 0.501302 0.600926 0.025521 0.033333
0 0.635677 0.597685 0.030729 0.036111
0 0.707292 0.577315 0.027083 0.034259
0 0.784375 0.569444 0.027083 0.040741
0 0.836719 0.565741 0.024479 0.040741
0 0.873698 0.550926 0.016146 0.042593
