0 0.150781 0.772685 0.030729 0.026852
0 0.192188 0.630093 0.020833 0.025000
0 0.257812 0.624074 0.017708 0.024074
0 0.269531 0.609722 0.019271 0.030556
0 0.307292 0.606944 0.018750 0.030556
0 0.332813 0.618056 0.022917 0.034259
0 0.353125 0.603241 0.016667 0.034259
0 0.342187 0.637500 0.014583 0.025000
0 0.363281 0.632870 0.018229 0.025000
0 0.407813 0.604167 0.031250 0.036111
0 0.511979 0.613426 0.027083 0.043519
0 0.649740 0.607407 0.021354 0.035185
0 0.719010 0.598611 0.029687 0.043519
0 0.794271 0.587963 0.028125 0.037037
0 0.846354 0.562037 0.020833 0.037037
0 0.884375 0.565741 0.030208 0.033333
