0 0.161458 0.411111 0.052083 0.037037
0 0.191146 0.443981 0.042708 0.034259
0 0.232292 0.471296 0.051042 0.024074
0 0.263281 0.496296 0.046354 0.029630
0 0.331250 0.554630 0.044792 0.050000
0 0.349479 0.538889 0.036458 0.027778
0 0.395573 0.518981 0.069271 0.034259
0 0.413021 0.588889 0.067708 0.029630
0 0.473177 0.620833 0.038021 0.034259
0 0.516927 0.579630 0.056771 0.035185
0 0.522917 0.575463 0.040625 0.030556
0 0.552604 0.540741 0.057292 0.053704
0 0.603385 0.560648 0.051562 0.023148
0 0.654427 0.545370 0.050521 0.033333
0 0.622917 0.590741 0.047917 0.033333
0 0.787240 0.501852 0.046354 0.048148
0 0.871354 0.508333 0.044792 0.025926
