0 0.185417 0.529167 0.036458 0.028704
0 0.212760 0.509722 0.069271 0.037963
0 0.227344 0.538426 0.028646 0.041667
0 0.273958 0.547222 0.047917 0.029630
0 0.305990 0.562963 0.046354 0.025926
0 0.334896 0.576852 0.036458 0.018519
0 0.359375 0.593519 0.038542 0.027778
0 0.380729 0.612037 0.048958 0.037037
0 0.420312 0.625926 0.043750 0.031481
0 0.487760 0.606019 0.051562 0.032407
0 0.498177 0.654630 0.043229 0.037037
0 0.556771 0.651389 0.038542 0.054630
0 0.632031 0.637037 0.042188 0.029630
0 0.673177 0.644907 0.029687 0.034259
0 0.721354 0.651852 0.047917 0.042593
0 0.779167 0.650000 0.051042 0.037037
0 0.838021 0.623611 0.039583 0.043519
