0 0.078906 0.322685 0.051562 0.054630
0 0.247917 0.349537 0.038542 0.034259
0 0.267448 0.372685 0.034896 0.023148
0 0.288542 0.384722 0.038542 0.025000
0 0.307031 0.406944 0.039062 0.025000
0 0.346875 0.418981 0.039583 0.028704
0 0.401042 0.418056 0.048958 0.034259
0 0.430729 0.419444 0.046875 0.033333
0 0.470833 0.408333 0.043750 0.042593
0 0.535937 0.452778 0.036458 0.035185
0 0.574740 0.468981 0.051562 0.043519
0 0.654687 0.489352 0.054167 0.030556
0 0.688021 0.520833 0.040625 0.025000
0 0.724479 0.515741 0.045833 0.040741
0 0.760938 0.495370 0.041667 0.044444
0 0.802083 0.487037 0.037500 0.040741
