0 0.209896 0.724074 0.021875 0.033333
0 0.244271 0.600000 0.025000 0.031481
0 0.307292 0.581481 0.018750 0.024074
0 0.324740 0.583796 0.015104 0.032407
0 0.363542 0.570833 0.022917 0.026852
0 0.383333 0.581481 0.017708 0.018519
0 0.390104 0.594444 0.018750 0.020370
0 0.402083 0.574537 0.011458 0.023148
0 0.418490 0.600463 0.025521 0.013889
0 0.458333 0.567593 0.018750 0.037037
0 0.559375 0.559722 0.016667 0.032407
0 0.696875 0.574537 0.015625 0.023148
0 0.771354 0.557407 0.020833 0.029630
0 0.845833 0.548148 0.022917 0.031481
0 0.900000 0.535648 0.015625 0.039815
0 0.936198 0.527315 0.015104 0.032407
