0 0.210938 0.716204 0.022917 0.025000
0 0.245573 0.589815 0.027604 0.027778
0 0.309375 0.574074 0.021875 0.044444
0 0.323437 0.569907 0.017708 0.021296
0 0.360417 0.560648 0.017708 0.025000
0 0.382812 0.571759 0.015625 0.023148
0 0.402083 0.562037 0.015625 0.016667
0 0.391667 0.583796 0.016667 0.012037
0 0.418229 0.586111 0.013542 0.020370
0 0.457813 0.556481 0.018750 0.025926
0 0.556771 0.565741 0.020833 0.024074
0 0.697135 0.574074 0.020313 0.024074
0 0.769010 0.560185 0.021354 0.020370
0 0.844271 0.547222 0.029167 0.029630
0 0.898698 0.531019 0.025521 0.037963
0 0.932031 0.530093 0.021354 0.032407
