0 0.190885 0.711574 0.048438 0.054630
0 0.245833 0.658333 0.050000 0.044444
0 0.257292 0.569444 0.051042 0.061111
0 0.316146 0.590741 0.043750 0.053704
0 0.375781 0.613426 0.047396 0.071296
0 0.335677 0.716204 0.044271 0.052778
0 0.418750 0.686574 0.050000 0.063889
0 0.509896 0.667130 0.039583 0.058333
0 0.578385 0.664815 0.044271 0.051852
0 0.652083 0.683796 0.038542 0.049074
0 0.711719 0.673148 0.032813 0.053704
0 0.789583 0.640278 0.042708 0.049074
0 0.879427 0.641667 0.041146 0.042593
0 0.949479 0.643519 0.035417 0.050000
