0 0.067187 0.462500 0.039583 0.030556
0 0.087760 0.487037 0.027604 0.024074
0 0.116406 0.488426 0.029687 0.021296
0 0.128125 0.503241 0.028125 0.012037
0 0.380469 0.617130 0.027604 0.021296
0 0.399740 0.609259 0.027604 0.029630
0 0.420312 0.606019 0.040625 0.015741
0 0.410156 0.675926 0.034896 0.020370
0 0.494792 0.607407 0.035417 0.022222
0 0.548438 0.611111 0.035417 0.040741
0 0.604688 0.681019 0.035417 0.030556
0 0.638281 0.586111 0.043229 0.037037
0 0.695052 0.567130 0.031771 0.041667
0 0.753125 0.547685 0.031250 0.030556
0 0.790885 0.543981 0.029687 0.032407
