0 0.196354 0.671759 0.025000 0.025000
0 0.207552 0.588426 0.019271 0.025000
0 0.271094 0.586111 0.010937 0.031481
0 0.285417 0.589352 0.012500 0.025000
0 0.325260 0.570370 0.017188 0.025926
0 0.347917 0.564352 0.012500 0.025000
0 0.362500 0.568519 0.014583 0.031481
0 0.393229 0.571296 0.020833 0.024074
0 0.425000 0.570370 0.023958 0.035185
0 0.513802 0.563889 0.019271 0.031481
0 0.652604 0.579630 0.019792 0.033333
0 0.728646 0.576389 0.025000 0.034259
0 0.807031 0.570370 0.026562 0.027778
0 0.865625 0.546759 0.017708 0.034259
0 0.900260 0.550000 0.025521 0.033333
