0 0.138802 0.781944 0.024479 0.026852
0 0.186979 0.619444 0.023958 0.031481
0 0.252604 0.618056 0.009375 0.019444
0 0.264323 0.613426 0.013021 0.025000
0 0.301302 0.608333 0.019271 0.035185
0 0.327344 0.604630 0.017188 0.027778
0 0.343750 0.606019 0.013542 0.032407
0 0.334635 0.634259 0.020313 0.020370
0 0.355469 0.639815 0.019271 0.024074
0 0.400260 0.604630 0.019271 0.040741
0 0.507292 0.610648 0.026042 0.026852
0 0.641146 0.588426 0.021875 0.037963
0 0.709635 0.572222 0.016146 0.031481
0 0.790104 0.572685 0.015625 0.026852
0 0.839063 0.554167 0.017708 0.036111
0 0.875781 0.550463 0.018229 0.030556
