0 0.211458 0.624074 0.020833 0.020370
0 0.263021 0.617130 0.021875 0.041667
0 0.296875 0.607407 0.021875 0.046296
0 0.338021 0.590741 0.022917 0.042593
0 0.365104 0.597222 0.023958 0.048148
0 0.386458 0.585185 0.023958 0.037037
0 0.344010 0.632870 0.020313 0.025000
0 0.370312 0.631944 0.016667 0.021296
0 0.405208 0.631944 0.017708 0.032407
0 0.348698 0.665741 0.014063 0.027778
0 0.499479 0.704167 0.016667 0.034259
0 0.534115 0.711574 0.022396 0.037963
0 0.590885 0.717593 0.018229 0.033333
0 0.713542 0.625000 0.021875 0.042593
0 0.755990 0.628241 0.016146 0.041667
