0 0.156250 0.473148 0.043750 0.033333
0 0.183854 0.474074 0.028125 0.022222
0 0.179427 0.497685 0.035937 0.021296
0 0.182812 0.510648 0.029167 0.023148
0 0.327344 0.582407 0.021354 0.037037
0 0.351302 0.581019 0.023438 0.026852
0 0.386458 0.597685 0.037500 0.034259
0 0.352344 0.654167 0.036979 0.032407
0 0.461458 0.597222 0.030208 0.029630
0 0.510156 0.602778 0.027604 0.038889
0 0.603125 0.638889 0.036458 0.055556
0 0.645833 0.620833 0.055208 0.034259
0 0.695052 0.600926 0.027604 0.040741
0 0.760677 0.571759 0.026562 0.023148
0 0.809115 0.567593 0.039062 0.037037
