0 0.013281 0.579630 0.016146 0.035185
0 0.028125 0.589815 0.019792 0.027778
0 0.056510 0.606481 0.022396 0.029630
0 0.060937 0.572685 0.025000 0.026852
0 0.089063 0.563426 0.018750 0.039815
0 0.107031 0.567593 0.019271 0.029630
0 0.113802 0.593056 0.024479 0.030556
0 0.151823 0.563426 0.019271 0.028704
0 0.158854 0.601389 0.027083 0.030556
0 0.219010 0.605556 0.016146 0.029630
0 0.357031 0.631944 0.021354 0.028704
0 0.426563 0.629167 0.017708 0.030556
0 0.499219 0.624537 0.020313 0.028704
0 0.589583 0.576852 0.020833 0.035185
0 0.631250 0.570833 0.019792 0.037963
