0 0.3567708333333333 0.25416666666666665 0.004166666666666652 0.008333333333333333
0 0.25416666666666665 0.1921296296296296 0.002083333333333304 0.002777777777777778
0 0.15416666666666665 0.07037037037037036 0.003125 0.0037037037037037104
0 0.13359375 0.0412037037037037 0.0015625 0.002777777777777778
0 0.12838541666666664 0.037037037037037035 0.0015625 0.003703703703703705
0 0.2247395833333333 0.16296296296296295 0.0015625 0.0037037037037036904
0 0.2828125 0.2148148148148148 0.007291666666666652 0.00370370370370373
0 0.25859375 0.1949074074074074 0.0015625 0.002777777777777778
0 0.23671875 0.17777777777777776 0.0015625 0.0037037037037036904
0 0.3203125 0.2384259259259259 0.002083333333333348 0.006481481481481508
0 0.3453125 0.24305555555555555 0.002083333333333348 0.002777777777777778
0 0.3247395833333333 0.23703703703703702 0.0015625 0.005555555555555556
0 0.3122395833333333 0.23055555555555557 0.0015625 0.0037037037037036904
0 0.30729166666666663 0.23148148148148145 0.002083333333333304 0.00370370370370373
0 0.3328125 0.24074074074074073 0.002083333333333348 0.0037037037037036904
0 0.16666666666666666 0.0949074074074074 0.002083333333333326 0.006481481481481468
0 0.19088541666666664 0.12777777777777777 0.002604166666666674 0.005555555555555556
