0 0.7528645833333333 0.4986111111111111 0.0015625 0.004629629629629603
0 0.7411458333333333 0.12453703703703703 0.04270833333333339 0.02870370370370371
0 0.5528645833333333 0.10555555555555556 0.0036458333333333924 0.0037037037037037104
0 0.6591145833333333 0.11018518518518518 0.0026041666666666075 0.005555555555555556
0 0.6684895833333333 0.10925925925925925 0.0015625 0.0037037037037037104
0 0.6622395833333333 0.1324074074074074 0.0015625 0.005555555555555556
0 0.6434895833333333 0.11759259259259258 0.0046875 0.0037037037037037104
0 0.6380208333333333 0.11805555555555555 0.003125 0.004629629629629623
0 0.6380208333333333 0.1259259259259259 0.003125 0.005555555555555556
0 0.5697916666666666 0.07453703703703704 0.002083333333333304 0.004629629629629623
0 0.5697916666666666 0.08101851851851852 0.003125 0.002777777777777778
