0 0.012239583333333331 0.5976851851851852 0.0015624999999999986 0.006481481481481429
0 0.65234375 0.2546296296296296 0.006770833333333304 0.007407407407407421
0 0.7072916666666667 0.2638888888888889 0.003125 0.005555555555555556
0 0.04036458333333333 0.11203703703703702 0.003645833333333337 0.005555555555555556
0 0.06979166666666667 0.6185185185185185 0.007291666666666674 0.005555555555555556
0 0.15104166666666666 0.6069444444444444 0.003125 0.006481481481481508
0 0.11848958333333333 0.6393518518518518 0.0015625 0.002777777777777778
0 0.019791666666666666 0.5449074074074074 0.004166666666666668 0.004629629629629682
0 0.03177083333333333 0.43981481481481477 0.003125 0.00370370370370373
0 0.07291666666666666 0.44305555555555554 0.004166666666666674 0.008333333333333333
0 0.11223958333333332 0.44166666666666665 0.003645833333333348 0.00370370370370373
0 0.15729166666666666 0.5402777777777777 0.004166666666666674 0.004629629629629603
0 0.17916666666666664 0.5361111111111111 0.002083333333333326 0.005555555555555556
0 0.0984375 0.5328703703703703 0.004166666666666663 0.004629629629629603
0 0.0453125 0.5791666666666667 0.004166666666666668 0.002777777777777778
0 0.028645833333333332 0.5421296296296296 0.004166666666666663 0.006481481481481429
0 0.2630208333333333 0.44305555555555554 0.003125 0.006481481481481508
0 0.2903645833333333 0.5046296296296297 0.0026041666666666518 0.005555555555555556
0 0.2703125 0.5537037037037037 0.004166666666666652 0.00370370370370373
0 0.2841145833333333 0.5560185185185185 0.0046875 0.008333333333333333
0 0.2997395833333333 0.5583333333333333 0.003645833333333348 0.007407407407407381
0 0.31484375 0.5625 0.0046875 0.006481481481481508
0 0.33151041666666664 0.5671296296296297 0.003645833333333304 0.004629629629629682
0 0.2059895833333333 0.6685185185185185 0.003645833333333348 0.005555555555555556
0 0.3622395833333333 0.6675925925925925 0.003645833333333348 0.00370370370370373
0 0.38359375 0.6703703703703703 0.003645833333333348 0.005555555555555556
