0 0.8036458333333332 0.006944444444444444 0.00625 0.013888888888888888
0 0.8322916666666667 0.6305555555555555 0.002083333333333215 0.00370370370370373
0 0.8348958333333332 0.6333333333333333 0.0020833333333333927 0.00370370370370373
0 0.8380208333333332 0.6342592592592592 0.0020833333333333927 0.00370370370370373
0 0.8416666666666666 0.6365740740740741 0.002083333333333215 0.004629629629629682
0 0.8434895833333332 0.6407407407407407 0.0015625 0.003703703703703651
0 0.8546875 0.649074074074074 0.0020833333333333927 0.003703703703703651
0 0.8567708333333333 0.6504629629629629 0.0020833333333333927 0.004629629629629682
0 0.8598958333333332 0.6527777777777778 0.0020833333333333927 0.00370370370370373
0 0.8622395833333332 0.6555555555555556 0.0015625 0.00370370370370373
0 0.8966145833333332 0.5717592592592592 0.0015625 0.002777777777777778
0 0.89921875 0.5712962962962963 0.0015625 0.003703703703703651
0 0.9059895833333332 0.5689814814814814 0.0015625 0.002777777777777778
0 0.90859375 0.5685185185185185 0.0015625 0.003703703703703651
0 0.9216145833333332 0.5416666666666666 0.0015625 0.00370370370370373
0 0.9234375 0.5435185185185185 0.0020833333333333927 0.003703703703703651
0 0.9286458333333332 0.5421296296296296 0.0020833333333333927 0.002777777777777778
0 0.9528645833333332 0.5504629629629629 0.0015625 0.004629629629629682
0 0.9348958333333333 0.5652777777777778 0.0020833333333333927 0.002777777777777778
