0 0.18802083333333333 0.11944444444444445 0.00625 0.0037037037037037104
0 0.09036458333333333 0.06898148148148148 0.002604166666666663 0.004629629629629623
0 0.2591145833333333 0.43657407407407406 0.0015625 0.004629629629629682
0 0.2466145833333333 0.40648148148148144 0.0015625 0.00370370370370373
0 0.2515625 0.3935185185185185 0.002083333333333348 0.003703703703703651
0 0.26119791666666664 0.39768518518518514 0.0026041666666666964 0.004629629629629682
0 0.2234375 0.3486111111111111 0.002083333333333348 0.004629629629629642
0 0.46171875 0.6546296296296296 0.0015625 0.003703703703703651
0 0.3380208333333333 0.6722222222222223 0.002083333333333348 0.00370370370370373
0 0.48671875 0.6148148148148148 0.0015625 0.00370370370370373
0 0.55234375 0.6375 0.0015625 0.004629629629629603
0 0.5830729166666666 0.5768518518518518 0.0026041666666666964 0.003703703703703651
0 0.58359375 0.5833333333333334 0.0015625 0.00370370370370373
0 0.5872395833333333 0.5796296296296296 0.0026041666666666075 0.003703703703703651
0 0.5880208333333333 0.5657407407407408 0.0020833333333333927 0.003703703703703651
0 0.67421875 0.17685185185185184 0.0015625 0.0037037037037036904
0 0.6591145833333333 0.49583333333333335 0.0026041666666666075 0.002777777777777778
0 0.9697916666666666 0.15555555555555556 0.002083333333333215 0.0037037037037037104
