0 0.2518229166666667 0.12129629629629629 0.003645833333333304 0.007407407407407421
0 0.09036458333333333 0.07037037037037036 0.0015625 0.0037037037037037104
0 0.22213541666666664 0.34814814814814815 0.0026041666666666964 0.005555555555555556
0 0.22916666666666666 0.3638888888888889 0.002083333333333304 0.005555555555555556
0 0.2348958333333333 0.3796296296296296 0.002083333333333348 0.003703703703703651
0 0.2390625 0.39166666666666666 0.002083333333333348 0.00370370370370373
0 0.24713541666666666 0.3935185185185185 0.0026041666666666964 0.003703703703703651
0 0.25104166666666666 0.39305555555555555 0.002083333333333304 0.002777777777777778
0 0.2466145833333333 0.4074074074074074 0.0015625 0.003703703703703651
0 0.2591145833333333 0.43657407407407406 0.0015625 0.004629629629629682
0 0.2609375 0.3958333333333333 0.004166666666666652 0.002777777777777778
0 0.4690104166666666 0.6555555555555556 0.0015625 0.00370370370370373
0 0.3380208333333333 0.6736111111111112 0.002083333333333348 0.004629629629629603
0 0.5604166666666666 0.6407407407407407 0.002083333333333304 0.003703703703703651
0 0.5104166666666666 0.6583333333333333 0.002083333333333304 0.00370370370370373
0 0.51484375 0.6615740740740741 0.0026041666666666964 0.004629629629629682
0 0.48984375 0.6143518518518518 0.0015625 0.002777777777777778
0 0.5791666666666666 0.5768518518518518 0.002083333333333304 0.003703703703703651
0 0.5830729166666666 0.5787037037037036 0.0026041666666666964 0.00370370370370373
0 0.5880208333333333 0.5796296296296296 0.0020833333333333927 0.003703703703703651
0 0.58984375 0.5694444444444444 0.0026041666666666964 0.00370370370370373
0 0.77421875 0.16574074074074074 0.0026041666666666964 0.0037037037037036904
0 0.9697916666666666 0.15555555555555556 0.002083333333333215 0.0037037037037037104
