0 0.56484375 0.4708333333333333 0.0046875 0.008333333333333333
0 0.12369791666666666 0.6083333333333333 0.002604166666666674 0.00370370370370373
0 0.11614583333333332 0.5805555555555556 0.002083333333333348 0.00370370370370373
0 0.0734375 0.5703703703703703 0.002083333333333337 0.00370370370370373
0 0.10338541666666665 0.3592592592592592 0.002604166666666674 0.00370370370370373
0 0.10182291666666665 0.3527777777777778 0.002604166666666674 0.0037037037037036904
0 0.53359375 0.16759259259259257 0.0015625 0.0037037037037037104
0 0.5385416666666666 0.17037037037037037 0.002083333333333304 0.0037037037037037104
0 0.5440104166666666 0.17129629629629628 0.0026041666666666964 0.0037037037037036904
0 0.5497395833333333 0.1759259259259259 0.0015625 0.005555555555555556
0 0.5635416666666666 0.18564814814814815 0.002083333333333304 0.004629629629629603
0 0.5692708333333333 0.1898148148148148 0.0020833333333333927 0.00370370370370373
0 0.5796875 0.19722222222222222 0.002083333333333304 0.005555555555555556
0 0.5841145833333333 0.20185185185185184 0.0015625 0.0037037037037036904
