0 0.68046875 0.010648148148148148 0.0046875 0.006481481481481482
0 0.8153645833333332 0.6226851851851851 0.0015625 0.004629629629629682
0 0.8255208333333333 0.6282407407407408 0.0020833333333333927 0.002777777777777778
0 0.8317708333333332 0.6305555555555555 0.0020833333333333927 0.00370370370370373
0 0.8380208333333332 0.6342592592592592 0.0020833333333333927 0.00370370370370373
0 0.8416666666666666 0.6365740740740741 0.002083333333333215 0.004629629629629682
0 0.8453125 0.6412037037037036 0.0020833333333333927 0.002777777777777778
0 0.8546875 0.6472222222222223 0.0020833333333333927 0.00370370370370373
0 0.8567708333333333 0.65 0.0020833333333333927 0.00370370370370373
0 0.8598958333333332 0.6518518518518518 0.0020833333333333927 0.003703703703703651
0 0.87421875 0.5726851851851852 0.0015625 0.004629629629629682
0 0.9059895833333332 0.5685185185185185 0.0015625 0.003703703703703651
0 0.9091145833333332 0.5694444444444444 0.0015625 0.00370370370370373
0 0.9036458333333333 0.5435185185185185 0.0020833333333333927 0.003703703703703651
0 0.9216145833333332 0.5412037037037036 0.0015625 0.002777777777777778
0 0.92421875 0.5435185185185185 0.0015625 0.003703703703703651
0 0.9291666666666666 0.5416666666666666 0.002083333333333215 0.00370370370370373
0 0.9348958333333333 0.5652777777777778 0.0020833333333333927 0.002777777777777778
0 0.94296875 0.5486111111111112 0.0015625 0.004629629629629603
0 0.9479166666666666 0.5476851851851852 0.002083333333333215 0.002777777777777778
