0 0.16848958333333333 0.40648148148148144 0.0046875 0.007407407407407381
0 0.13020833333333331 0.18564814814814815 0.009375 0.008333333333333333
0 0.12786458333333334 0.6421296296296296 0.0046875 0.006481481481481429
0 0.10338541666666665 0.6412037037037036 0.002604166666666674 0.004629629629629603
0 0.6161458333333333 0.5342592592592592 0.0020833333333333927 0.0018518518518518255
0 0.6796875 0.549074074074074 0.002083333333333304 0.003703703703703651
0 0.72109375 0.6481481481481481 0.003645833333333304 0.005555555555555556
0 0.740625 0.6439814814814814 0.003125 0.004629629629629603
0 0.7604166666666666 0.6444444444444445 0.003125 0.005555555555555556
0 0.4729166666666666 0.09166666666666666 0.004166666666666696 0.005555555555555556
0 0.48984375 0.11296296296296296 0.0046875 0.005555555555555556
0 0.5080729166666667 0.12824074074074074 0.0026041666666666964 0.004629629629629642
0 0.5239583333333333 0.17731481481481481 0.003125 0.002777777777777778
0 0.53984375 0.1796296296296296 0.003645833333333304 0.005555555555555536
0 0.5072916666666666 0.17638888888888887 0.004166666666666696 0.006481481481481468
