0 0.7153645833333333 0.1685185185185185 0.0067708333333333925 0.007407407407407421
0 0.6278645833333333 0.20694444444444443 0.005729166666666607 0.004629629629629642
0 0.5515625 0.23564814814814813 0.00625 0.006481481481481508
0 0.4841145833333333 0.25787037037037036 0.0046875 0.004629629629629603
0 0.4229166666666666 0.2824074074074074 0.0052083333333333036 0.009259259259259247
0 0.3661458333333333 0.3050925925925926 0.002083333333333348 0.004629629629629603
0 0.3161458333333333 0.3185185185185185 0.003125 0.0037037037037036904
0 0.18359375 0.3675925925925925 0.002604166666666674 0.00370370370370373
0 0.2216145833333333 0.3560185185185185 0.003645833333333348 0.002777777777777778
0 0.14244791666666665 0.3782407407407407 0.003645833333333326 0.004629629629629682
0 0.10859375 0.3935185185185185 0.002604166666666674 0.005555555555555556
0 0.04479166666666666 0.4152777777777778 0.004166666666666668 0.004629629629629603
0 0.016666666666666666 0.42268518518518516 0.0020833333333333316 0.004629629629629682
