0 0.67109375 0.5106481481481481 0.003645833333333304 0.008333333333333333
0 0.5911458333333333 0.6675925925925925 0.0020833333333333927 0.00370370370370373
0 0.3091145833333333 0.574537037037037 0.0015625 0.004629629629629603
0 0.1484375 0.624537037037037 0.002083333333333326 0.004629629629629603
0 0.11119791666666665 0.6 0.002604166666666674 0.005555555555555556
0 0.0921875 0.5703703703703703 0.002083333333333337 0.00370370370370373
0 0.06354166666666666 0.6583333333333333 0.002083333333333326 0.00370370370370373
0 0.09713541666666667 0.5305555555555556 0.002604166666666674 0.00370370370370373
0 0.11979166666666666 0.3375 0.002083333333333326 0.004629629629629642
0 0.12734375 0.3333333333333333 0.0015625 0.0037037037037036904
0 0.1296875 0.34074074074074073 0.002083333333333326 0.0037037037037036904
0 0.6885416666666666 0.312037037037037 0.002083333333333304 0.005555555555555556
0 0.7005208333333333 0.32222222222222224 0.0020833333333333927 0.005555555555555556
0 0.7067708333333333 0.32916666666666666 0.0020833333333333927 0.004629629629629642
0 0.7184895833333333 0.33564814814814814 0.0026041666666666075 0.004629629629629603
0 0.7236979166666666 0.3416666666666667 0.0026041666666666964 0.0037037037037036904
0 0.73046875 0.34444444444444444 0.0026041666666666964 0.0037037037037036904
0 0.7497395833333333 0.3560185185185185 0.0015625 0.004629629629629642
0 0.73671875 0.34953703703703703 0.0026041666666666964 0.004629629629629603
0 0.7630208333333333 0.3657407407407407 0.0020833333333333927 0.003703703703703651
0 0.7684895833333333 0.36944444444444446 0.0026041666666666075 0.00370370370370373
