0 0.4473958333333333 0.13333333333333333 0.004166666666666608 0.007407407407407401
0 0.7434895833333333 0.586574074074074 0.0015625 0.004629629629629682
0 0.7453125 0.5875 0.002083333333333304 0.004629629629629603
0 0.7479166666666666 0.5898148148148148 0.002083333333333304 0.00370370370370373
0 0.7510416666666666 0.5898148148148148 0.002083333333333304 0.00370370370370373
0 0.76796875 0.5986111111111111 0.0015625 0.004629629629629603
0 0.7697916666666667 0.5976851851851852 0.002083333333333304 0.004629629629629682
0 0.7765625 0.600462962962963 0.002083333333333304 0.004629629629629682
0 0.78984375 0.6055555555555555 0.0015625 0.00370370370370373
0 0.7934895833333333 0.6074074074074074 0.0015625 0.003703703703703651
0 0.7984375 0.6092592592592592 0.002083333333333304 0.00370370370370373
0 0.81171875 0.5625 0.0015625 0.004629629629629603
0 0.8192708333333332 0.5634259259259259 0.0020833333333333927 0.004629629629629603
0 0.8203125 0.5634259259259259 0.0020833333333333927 0.004629629629629603
0 0.8234375 0.5634259259259259 0.0020833333333333927 0.004629629629629603
0 0.8260416666666666 0.5634259259259259 0.002083333333333215 0.004629629629629603
0 0.8278645833333332 0.5634259259259259 0.0015625 0.004629629629629603
0 0.8354166666666666 0.5657407407407408 0.002083333333333215 0.003703703703703651
0 0.8442708333333332 0.5407407407407407 0.0020833333333333927 0.003703703703703651
0 0.85859375 0.5435185185185185 0.0015625 0.003703703703703651
0 0.8572916666666666 0.5592592592592592 0.002083333333333215 0.00370370370370373
0 0.8604166666666666 0.5587962962962962 0.002083333333333215 0.002777777777777778
0 0.8630208333333332 0.5583333333333333 0.0020833333333333927 0.00370370370370373
0 0.8653645833333332 0.5569444444444445 0.0015625 0.002777777777777778
0 0.8541666666666666 0.5726851851851852 0.002083333333333215 0.004629629629629682
0 0.8572916666666666 0.5726851851851852 0.002083333333333215 0.004629629629629682
0 0.8716145833333332 0.5444444444444444 0.0015625 0.00370370370370373
0 0.8747395833333332 0.5444444444444444 0.0015625 0.00370370370370373
0 0.8778645833333332 0.5444444444444444 0.0015625 0.00370370370370373
0 0.8817708333333332 0.5472222222222223 0.0020833333333333927 0.00370370370370373
0 0.8921875 0.5486111111111112 0.0020833333333333927 0.004629629629629603
0 0.8966145833333332 0.5472222222222223 0.0015625 0.00370370370370373
0 0.8997395833333333 0.5472222222222223 0.0015625 0.00370370370370373
0 0.9028645833333332 0.5486111111111112 0.0015625 0.004629629629629603
0 0.90546875 0.5657407407407408 0.0015625 0.003703703703703651
0 0.9098958333333332 0.5625 0.0020833333333333927 0.004629629629629603
0 0.9122395833333332 0.5592592592592592 0.0015625 0.00370370370370373
0 0.9166666666666666 0.5574074074074074 0.002083333333333215 0.003703703703703651
0 0.9177083333333332 0.5555555555555556 0.0020833333333333927 0.00370370370370373
0 0.92109375 0.5504629629629629 0.0015625 0.004629629629629682
0 0.92109375 0.5555555555555556 0.0015625 0.00370370370370373
0 0.92421875 0.5555555555555556 0.0015625 0.00370370370370373
0 0.9078125 0.586574074074074 0.0020833333333333927 0.004629629629629682
0 0.9104166666666667 0.5875 0.002083333333333215 0.004629629629629603
0 0.9140625 0.586574074074074 0.0020833333333333927 0.004629629629629682
0 0.9177083333333332 0.586574074074074 0.0020833333333333927 0.004629629629629682
0 0.93046875 0.5555555555555556 0.0015625 0.00370370370370373
0 0.9328125 0.5537037037037037 0.0020833333333333927 0.00370370370370373
0 0.9421875 0.5518518518518518 0.0020833333333333927 0.003703703703703651
0 0.9447916666666666 0.5546296296296296 0.002083333333333215 0.003703703703703651
0 0.9484375 0.5504629629629629 0.0020833333333333927 0.004629629629629682
0 0.9546875 0.5472222222222223 0.0020833333333333927 0.00370370370370373
0 0.9572916666666667 0.5472222222222223 0.002083333333333215 0.00370370370370373
0 0.9666666666666666 0.5462962962962963 0.002083333333333215 0.003703703703703651
0 0.9729166666666667 0.5453703703703703 0.002083333333333215 0.00370370370370373
0 0.9442708333333332 0.5856481481481481 0.0020833333333333927 0.004629629629629603
0 0.9510416666666666 0.5856481481481481 0.002083333333333215 0.004629629629629603
0 0.9546875 0.5856481481481481 0.0020833333333333927 0.004629629629629603
0 0.9635416666666666 0.5824074074074074 0.002083333333333215 0.003703703703703651
0 0.9666666666666666 0.5824074074074074 0.002083333333333215 0.003703703703703651
0 0.98359375 0.5814814814814814 0.0015625 0.00370370370370373
0 0.9911458333333332 0.5805555555555556 0.0020833333333333927 0.00370370370370373
