0 0.029166666666666664 0.5597222222222222 0.0020833333333333316 0.002777777777777778
0 0.07109375 0.5675925925925925 0.002604166666666663 0.005555555555555556
0 0.046614583333333334 0.6226851851851851 0.003645833333333337 0.006481481481481429
0 0.08984375 0.5726851851851852 0.003645833333333337 0.006481481481481429
0 0.12734375 0.5787037037037036 0.0015625 0.005555555555555556
0 0.17369791666666665 0.6263888888888889 0.003645833333333326 0.006481481481481508
0 0.20026041666666666 0.6305555555555555 0.003645833333333304 0.005555555555555556
0 0.21354166666666666 0.6347222222222222 0.004166666666666696 0.006481481481481508
0 0.6348958333333333 0.3157407407407407 0.003125 0.009259259259259247
0 0.98984375 0.016203703703703703 0.0026041666666666075 0.004629629629629628
