0 0.05052083333333333 0.6935185185185185 0.002083333333333337 0.005555555555555556
0 0.16171875 0.6555555555555556 0.0015625 0.0018518518518518255
0 0.15651041666666665 0.686574074074074 0.002604166666666674 0.006481481481481429
0 0.17526041666666664 0.686574074074074 0.002604166666666674 0.006481481481481429
0 0.19348958333333333 0.687037037037037 0.0026041666666666518 0.005555555555555556
0 0.21119791666666665 0.687037037037037 0.003645833333333304 0.005555555555555556
0 0.24921875 0.6365740740740741 0.0005208333333333482 0.002777777777777778
0 0.2265625 0.686574074074074 0.003125 0.006481481481481429
0 0.2421875 0.6861111111111111 0.003125 0.005555555555555556
0 0.2966145833333333 0.08009259259259259 0.0078125 0.010185185185185179
