0 0.14609375 0.33425925925925926 0.0015625 0.00370370370370373
0 0.14791666666666664 0.3375 0.003125 0.004629629629629642
0 0.2015625 0.4356481481481481 0.002083333333333348 0.004629629629629603
0 0.2078125 0.42870370370370364 0.002083333333333348 0.00370370370370373
0 0.2609375 0.40555555555555556 0.002083333333333348 0.00370370370370373
0 0.24713541666666666 0.4592592592592592 0.0026041666666666964 0.00370370370370373
0 0.29166666666666663 0.39861111111111114 0.002083333333333304 0.004629629629629603
0 0.3067708333333333 0.39444444444444443 0.004166666666666652 0.009259259259259285
0 0.31979166666666664 0.4592592592592592 0.002083333333333304 0.00370370370370373
0 0.3690104166666667 0.42037037037037034 0.0026041666666666964 0.00370370370370373
0 0.3796875 0.4296296296296296 0.004166666666666652 0.005555555555555556
0 0.4515625 0.39444444444444443 0.004166666666666696 0.005555555555555556
0 0.46484375 0.4629629629629629 0.0026041666666666964 0.005555555555555556
0 0.484375 0.4606481481481481 0.003125 0.006481481481481508
0 0.7216145833333333 0.45648148148148143 0.0046875 0.005555555555555556
