0 0.5778645833333333 0.08333333333333333 0.0046875 0.00740740740740741
0 0.8536458333333332 0.6027777777777777 0.0020833333333333927 0.00370370370370373
0 0.84921875 0.6018518518518519 0.0015625 0.003703703703703651
0 0.8434895833333332 0.6046296296296296 0.0026041666666666075 0.003703703703703651
0 0.8390625 0.6055555555555555 0.0020833333333333927 0.00370370370370373
0 0.8330729166666666 0.6046296296296296 0.002604166666666785 0.003703703703703651
0 0.8255208333333333 0.6046296296296296 0.0020833333333333927 0.003703703703703651
0 0.40546875 0.5805555555555556 0.0015625 0.00370370370370373
0 0.30859375 0.6212962962962962 0.0015625 0.003703703703703651
0 0.27109375 0.6277777777777778 0.0015625 0.00370370370370373
0 0.0140625 0.45046296296296295 0.002083333333333334 0.004629629629629682
0 0.02734375 0.4486111111111111 0.0015625 0.004629629629629603
0 0.03203125 0.4486111111111111 0.0026041666666666687 0.004629629629629603
0 0.045572916666666664 0.44629629629629625 0.0026041666666666687 0.003703703703703651
