0 0.76484375 0.5685185185185185 0.0015625 0.003703703703703651
0 0.6203125 0.6444444444444445 0.002083333333333304 0.00370370370370373
0 0.6033854166666666 0.6435185185185185 0.0026041666666666964 0.003703703703703651
0 0.5966145833333333 0.6435185185185185 0.0015625 0.003703703703703651
0 0.5877604166666666 0.6425925925925925 0.0026041666666666964 0.00370370370370373
0 0.5721354166666666 0.6435185185185185 0.0026041666666666964 0.003703703703703651
0 0.41796875 0.6333333333333333 0.0015625 0.00370370370370373
0 0.3984375 0.5731481481481481 0.002083333333333348 0.005555555555555556
0 0.31979166666666664 0.6166666666666667 0.002083333333333304 0.00370370370370373
0 0.28151041666666665 0.611574074074074 0.0015625 0.004629629629629682
0 0.26796875 0.6074074074074074 0.0015625 0.003703703703703651
0 0.2411458333333333 0.6046296296296296 0.002083333333333348 0.003703703703703651
0 0.25546875 0.6055555555555555 0.0015625 0.00370370370370373
0 0.06979166666666667 0.6236111111111111 0.002083333333333326 0.004629629629629603
0 0.05052083333333333 0.6472222222222223 0.002083333333333337 0.00370370370370373
0 0.057291666666666664 0.599537037037037 0.002083333333333326 0.004629629629629603
0 0.14427083333333332 0.5504629629629629 0.002083333333333348 0.004629629629629682
0 0.19244791666666666 0.29305555555555557 0.005729166666666674 0.006481481481481468
0 0.3416666666666667 0.4083333333333333 0.002083333333333304 0.00370370370370373
0 0.024739583333333332 0.37777777777777777 0.0015625 0.00370370370370373
0 0.03098958333333333 0.38055555555555554 0.002604166666666663 0.00370370370370373
0 0.034895833333333334 0.3814814814814814 0.002083333333333337 0.00370370370370373
0 0.0328125 0.374537037037037 0.0020833333333333316 0.004629629629629603
