0 0.13098958333333333 0.6657407407407407 0.0026041666666666518 0.003703703703703651
0 0.1453125 0.6703703703703703 0.002083333333333326 0.00370370370370373
0 0.23541666666666666 0.6898148148148148 0.002083333333333304 0.00370370370370373
0 0.24348958333333331 0.2435185185185185 0.0057291666666666515 0.005555555555555556
0 0.94296875 0.40555555555555556 0.0036458333333333924 0.005555555555555556
0 0.4252604166666666 0.5046296296296297 0.0015625 0.003703703703703651
0 0.4403645833333333 0.5050925925925925 0.0026041666666666075 0.004629629629629603
0 0.45546875 0.5537037037037037 0.0015625 0.00370370370370373
0 0.4747395833333333 0.55 0.0015625 0.005555555555555556
0 0.5393229166666667 0.5115740740740741 0.0026041666666666964 0.004629629629629682
0 0.58203125 0.5171296296296296 0.0026041666666666964 0.004629629629629682
