0 0.7190104166666667 0.5787037037037036 0.0026041666666666964 0.00370370370370373
0 0.6203125 0.6453703703703704 0.002083333333333304 0.00370370370370373
0 0.6033854166666666 0.6435185185185185 0.0026041666666666964 0.003703703703703651
0 0.59609375 0.6435185185185185 0.0015625 0.003703703703703651
0 0.5872395833333333 0.6425925925925925 0.0015625 0.00370370370370373
0 0.5848958333333333 0.6055555555555555 0.0020833333333333927 0.00370370370370373
0 0.5723958333333333 0.6439814814814814 0.0020833333333333927 0.004629629629629603
0 0.5578125 0.6435185185185185 0.002083333333333304 0.003703703703703651
0 0.54921875 0.6444444444444445 0.0015625 0.00370370370370373
0 0.5348958333333333 0.6444444444444445 0.0020833333333333927 0.00370370370370373
0 0.5166666666666666 0.6472222222222223 0.002083333333333304 0.00370370370370373
0 0.5114583333333333 0.6231481481481481 0.0020833333333333927 0.005555555555555556
0 0.4604166666666666 0.6546296296296296 0.002083333333333304 0.003703703703703651
0 0.44765625 0.6546296296296296 0.0026041666666666964 0.003703703703703651
0 0.4190104166666666 0.6560185185185184 0.0026041666666666964 0.004629629629629682
0 0.36979166666666663 0.5824074074074074 0.002083333333333304 0.003703703703703651
0 0.32057291666666665 0.6157407407407407 0.0026041666666666964 0.003703703703703651
0 0.28229166666666666 0.610648148148148 0.002083333333333304 0.004629629629629603
0 0.2684895833333333 0.6083333333333333 0.0026041666666666518 0.00370370370370373
0 0.2546875 0.6055555555555555 0.002083333333333348 0.00370370370370373
0 0.25026041666666665 0.6444444444444445 0.0015625 0.00370370370370373
0 0.18671875 0.6486111111111111 0.0015625 0.004629629629629603
0 0.22786458333333331 0.6037037037037036 0.0026041666666666518 0.00370370370370373
0 0.12161458333333333 0.6486111111111111 0.0026041666666666518 0.004629629629629603
0 0.16171875 0.5416666666666666 0.002604166666666674 0.00370370370370373
0 0.04348958333333333 0.6486111111111111 0.0015625 0.004629629629629603
0 0.04609375 0.6486111111111111 0.0015625 0.004629629629629603
0 0.04973958333333333 0.6467592592592593 0.002604166666666663 0.004629629629629603
0 0.035416666666666666 0.6504629629629629 0.0020833333333333316 0.004629629629629682
0 0.047135416666666666 0.6162037037037037 0.0026041666666666687 0.004629629629629603
0 0.042708333333333334 0.6083333333333333 0.002083333333333337 0.00370370370370373
0 0.0546875 0.6023148148148147 0.002083333333333337 0.004629629629629603
0 0.057291666666666664 0.5981481481481481 0.002083333333333326 0.005555555555555556
0 0.14166666666666666 0.5004629629629629 0.002083333333333326 0.004629629629629682
0 0.13046875 0.4986111111111111 0.0015625 0.004629629629629603
0 0.0484375 0.4962962962962963 0.0020833333333333316 0.003703703703703651
0 0.06276041666666667 0.4986111111111111 0.0015625 0.004629629629629603
0 0.07552083333333333 0.5004629629629629 0.002083333333333337 0.004629629629629682
0 0.0890625 0.4722222222222222 0.002083333333333337 0.005555555555555556
0 0.019791666666666666 0.3842592592592592 0.0020833333333333316 0.00370370370370373
0 0.0046875 0.38055555555555554 0.0020833333333333337 0.00370370370370373
0 0.0140625 0.38333333333333336 0.002083333333333334 0.00370370370370373
0 0.07213541666666666 0.3101851851851852 0.006770833333333326 0.011111111111111112
