0 0.9015625 0.599537037037037 0.005208333333333393 0.006481481481481508
0 0.013020833333333332 0.6574074074074073 0.0031249999999999984 0.003703703703703651
0 0.1953125 0.018055555555555554 0.002083333333333326 0.002777777777777778
0 0.0453125 0.662962962962963 0.003125 0.005555555555555556
0 0.0609375 0.6666666666666666 0.003125 0.005555555555555556
0 0.10364583333333333 0.6675925925925925 0.004166666666666652 0.005555555555555556
0 0.2234375 0.6680555555555555 0.004166666666666652 0.006481481481481508
0 0.18723958333333332 0.6680555555555555 0.0026041666666666518 0.006481481481481508
0 0.15807291666666665 0.6680555555555555 0.002604166666666674 0.004629629629629603
0 0.12838541666666664 0.6685185185185185 0.002604166666666674 0.005555555555555556
