0 0.7192708333333333 0.5782407407407407 0.0020833333333333927 0.004629629629629682
0 0.6854166666666666 0.5833333333333334 0.002083333333333304 0.00370370370370373
0 0.6203125 0.6453703703703704 0.002083333333333304 0.00370370370370373
0 0.6036458333333333 0.6435185185185185 0.0020833333333333927 0.003703703703703651
0 0.5885416666666666 0.6425925925925925 0.002083333333333304 0.00370370370370373
0 0.5723958333333333 0.6435185185185185 0.0020833333333333927 0.003703703703703651
0 0.5578125 0.6435185185185185 0.002083333333333304 0.003703703703703651
0 0.54921875 0.6453703703703704 0.0026041666666666964 0.00370370370370373
0 0.5348958333333333 0.6453703703703704 0.0020833333333333927 0.00370370370370373
0 0.39296875 0.5712962962962963 0.0026041666666666518 0.003703703703703651
0 0.33046875 0.6365740740740741 0.0015625 0.004629629629629682
0 0.31979166666666664 0.6175925925925926 0.002083333333333304 0.00370370370370373
0 0.28151041666666665 0.6111111111111112 0.0015625 0.005555555555555556
0 0.26796875 0.6083333333333333 0.0026041666666666518 0.00370370370370373
0 0.25494791666666666 0.6055555555555555 0.0026041666666666964 0.00370370370370373
0 0.22734375 0.6027777777777777 0.0026041666666666518 0.00370370370370373
0 0.16432291666666665 0.586574074074074 0.002604166666666674 0.004629629629629682
0 0.14661458333333333 0.548148148148148 0.0026041666666666518 0.005555555555555556
0 0.06223958333333333 0.6203703703703703 0.002604166666666663 0.00370370370370373
0 0.05026041666666666 0.6462962962962963 0.0026041666666666687 0.003703703703703651
0 0.04609375 0.649074074074074 0.0015625 0.005555555555555556
0 0.052864583333333326 0.6046296296296296 0.0015625 0.003703703703703651
0 0.05546875 0.6027777777777777 0.0015625 0.00370370370370373
0 0.057291666666666664 0.5976851851851852 0.002083333333333326 0.004629629629629682
0 0.08802083333333333 0.5013888888888889 0.002083333333333337 0.004629629629629603
0 0.07526041666666666 0.5009259259259259 0.002604166666666674 0.005555555555555556
0 0.06276041666666667 0.499537037037037 0.0015625 0.004629629629629603
0 0.04921874999999999 0.4962962962962963 0.002604166666666663 0.003703703703703651
0 0.08932291666666667 0.47268518518518515 0.002604166666666674 0.004629629629629682
0 0.15598958333333332 0.2884259259259259 0.0057291666666666515 0.006481481481481508
0 0.01796875 0.37870370370370365 0.0026041666666666657 0.00370370370370373
0 0.024739583333333332 0.3814814814814814 0.0015625 0.00370370370370373
0 0.029166666666666664 0.3819444444444444 0.0020833333333333316 0.004629629629629603
