0 0.98984375 0.33935185185185185 0.0026041666666666075 0.006481481481481468
0 0.89609375 0.3046296296296296 0.0015625 0.001851851851851865
0 0.019791666666666666 0.47870370370370363 0.0020833333333333316 0.00370370370370373
0 0.057291666666666664 0.4856481481481481 0.002083333333333326 0.004629629629629603
0 0.096875 0.4976851851851852 0.003125 0.006481481481481429
0 0.115625 0.5004629629629629 0.003125 0.006481481481481429
0 0.13359375 0.5046296296296297 0.003645833333333326 0.005555555555555556
0 0.16901041666666666 0.512037037037037 0.002604166666666674 0.005555555555555556
0 0.3786458333333333 0.1625 0.004166666666666652 0.006481481481481488
0 0.3684895833333333 0.01759259259259259 0.0015625 0.003703703703703705
