0 0.7296875 0.5069444444444444 0.002083333333333304 0.004629629629629603
0 0.3567708333333333 0.04861111111111111 0.030208333333333347 0.019444444444444445
0 0.30338541666666663 0.04027777777777778 0.0026041666666666964 0.010185185185185184
0 0.7153645833333333 0.5092592592592592 0.0036458333333333924 0.00370370370370373
0 0.6799479166666667 0.5185185185185185 0.0026041666666666964 0.003703703703703651
0 0.6416666666666666 0.5333333333333333 0.003125 0.00370370370370373
0 0.6234375 0.537037037037037 0.002083333333333304 0.005555555555555556
0 0.56171875 0.5768518518518518 0.0026041666666666964 0.003703703703703651
0 0.6677083333333333 0.5259259259259259 0.0020833333333333927 0.005555555555555556
0 0.2778645833333333 0.037037037037037035 0.0026041666666666518 0.005555555555555556
0 0.17473958333333334 0.0060185185185185185 0.0015625 0.002777777777777778
0 0.1703125 0.021296296296296296 0.002083333333333326 0.0037037037037037004
0 0.17916666666666664 0.021759259259259256 0.003125 0.0027777777777777753
0 0.07473958333333333 0.0060185185185185185 0.0015625 0.00462962962962963
