0 0.7197916666666666 0.5773148148148147 0.002083333333333304 0.004629629629629603
0 0.6015625 0.6027777777777777 0.002083333333333304 0.00370370370370373
0 0.6203125 0.6444444444444445 0.002083333333333304 0.00370370370370373
0 0.6033854166666666 0.6435185185185185 0.0026041666666666964 0.003703703703703651
0 0.5966145833333333 0.6435185185185185 0.0015625 0.003703703703703651
0 0.5880208333333333 0.6435185185185185 0.0020833333333333927 0.003703703703703651
0 0.5721354166666666 0.6435185185185185 0.0026041666666666964 0.003703703703703651
0 0.5567708333333333 0.6435185185185185 0.0020833333333333927 0.003703703703703651
0 0.5497395833333333 0.6439814814814814 0.0026041666666666075 0.004629629629629603
0 0.5354166666666667 0.6444444444444445 0.002083333333333304 0.00370370370370373
0 0.5171875 0.6462962962962963 0.002083333333333304 0.003703703703703651
0 0.4854166666666666 0.6509259259259259 0.002083333333333304 0.005555555555555556
0 0.3828125 0.575462962962963 0.002083333333333348 0.004629629629629682
0 0.3203125 0.6162037037037037 0.002083333333333348 0.004629629629629603
0 0.28151041666666665 0.6101851851851852 0.0026041666666666964 0.005555555555555556
0 0.26796875 0.6083333333333333 0.0015625 0.00370370370370373
0 0.2546875 0.6055555555555555 0.002083333333333348 0.00370370370370373
0 0.22916666666666666 0.6453703703703704 0.002083333333333304 0.00370370370370373
0 0.25026041666666665 0.6435185185185185 0.0015625 0.003703703703703651
0 0.22786458333333331 0.6027777777777777 0.0026041666666666518 0.00370370370370373
0 0.15364583333333331 0.5444444444444444 0.002083333333333348 0.00370370370370373
0 0.05416666666666666 0.6175925925925926 0.002083333333333326 0.00370370370370373
0 0.0484375 0.6074074074074074 0.0020833333333333316 0.003703703703703651
0 0.0640625 0.561574074074074 0.002083333333333337 0.004629629629629682
0 0.057291666666666664 0.5986111111111111 0.002083333333333326 0.004629629629629603
0 0.0546875 0.6027777777777777 0.002083333333333337 0.00370370370370373
0 0.04973958333333333 0.6462962962962963 0.002604166666666663 0.003703703703703651
0 0.04479166666666666 0.649074074074074 0.0020833333333333316 0.005555555555555556
0 0.13046875 0.499537037037037 0.0015625 0.004629629629629603
0 0.0890625 0.47129629629629627 0.002083333333333337 0.003703703703703651
0 0.07473958333333333 0.5004629629629629 0.002604166666666663 0.004629629629629682
0 0.06354166666666666 0.49907407407407406 0.002083333333333326 0.005555555555555556
0 0.0484375 0.4962962962962963 0.0020833333333333316 0.003703703703703651
0 0.02421875 0.38333333333333336 0.0015625 0.00370370370370373
0 0.01171875 0.38009259259259254 0.0015625 0.004629629629629603
0 0.019791666666666666 0.38379629629629625 0.0020833333333333316 0.004629629629629682
0 0.11588541666666666 0.29305555555555557 0.005729166666666674 0.008333333333333333
0 0.4817708333333333 0.4875 0.0020833333333333927 0.004629629629629603
