0 0.8078125 0.07731481481481481 0.013541666666666608 0.019444444444444445
0 0.7479166666666666 0.5222222222222223 0.002083333333333304 0.00370370370370373
0 0.7135416666666666 0.5310185185185184 0.003125 0.004629629629629682
0 0.6130208333333333 0.5537037037037037 0.0020833333333333927 0.005555555555555556
0 0.5822916666666667 0.5597222222222222 0.002083333333333304 0.002777777777777778
0 0.51796875 0.575462962962963 0.0015625 0.004629629629629682
0 0.48984375 0.5824074074074074 0.0026041666666666964 0.005555555555555556
0 0.4190104166666666 0.6083333333333333 0.0026041666666666964 0.00370370370370373
0 0.4002604166666666 0.6171296296296296 0.0026041666666666964 0.004629629629629682
0 0.3796875 0.6236111111111111 0.002083333333333348 0.004629629629629603
0 0.3591145833333333 0.6310185185185185 0.0026041666666666518 0.002777777777777778
0 0.33854166666666663 0.6393518518518518 0.003125 0.006481481481481429
0 0.3171875 0.6444444444444445 0.002083333333333348 0.00370370370370373
0 0.2934895833333333 0.6560185185185184 0.0015625 0.004629629629629682
