0 0.5622395833333333 0.19629629629629627 0.0046875 0.0037037037037036904
0 0.5580729166666666 0.2384259259259259 0.0026041666666666964 0.004629629629629603
0 0.31744791666666666 0.6634259259259259 0.0026041666666666964 0.004629629629629603
0 0.32734375 0.5800925925925925 0.0015625 0.004629629629629603
0 0.3091145833333333 0.5787037037037036 0.0026041666666666518 0.00370370370370373
0 0.30026041666666664 0.5787037037037036 0.0015625 0.00370370370370373
0 0.2903645833333333 0.5787037037037036 0.0026041666666666518 0.00370370370370373
0 0.27890625 0.5768518518518518 0.0026041666666666518 0.003703703703703651
0 0.2684895833333333 0.5768518518518518 0.0015625 0.003703703703703651
0 0.24739583333333331 0.5740740740740741 0.002083333333333348 0.005555555555555556
0 0.23541666666666666 0.574537037037037 0.002083333333333304 0.004629629629629603
0 0.2234375 0.5726851851851852 0.002083333333333348 0.004629629629629682
0 0.2109375 0.5726851851851852 0.002083333333333348 0.004629629629629682
0 0.19791666666666666 0.5703703703703703 0.002083333333333326 0.00370370370370373
0 0.18489583333333331 0.5685185185185185 0.002083333333333348 0.003703703703703651
0 0.15729166666666666 0.5666666666666667 0.002083333333333326 0.00370370370370373
0 0.12916666666666665 0.5634259259259259 0.002083333333333326 0.004629629629629603
0 0.09921875 0.561574074074074 0.0015625 0.004629629629629682
0 0.06927083333333332 0.5574074074074074 0.002083333333333337 0.003703703703703651
0 0.021614583333333333 0.6458333333333334 0.0015625 0.004629629629629603
0 0.037760416666666664 0.6444444444444445 0.0026041666666666687 0.00370370370370373
0 0.0546875 0.6444444444444445 0.002083333333333337 0.00370370370370373
0 0.10182291666666665 0.6416666666666667 0.002604166666666674 0.00370370370370373
0 0.11614583333333332 0.6398148148148147 0.002083333333333348 0.00370370370370373
0 0.1296875 0.6375 0.002083333333333326 0.004629629629629603
0 0.8380208333333332 0.6064814814814814 0.0020833333333333927 0.00370370370370373
0 0.86171875 0.600462962962963 0.0015625 0.004629629629629682
0 0.88046875 0.5944444444444444 0.0026041666666666075 0.00370370370370373
0 0.8890625 0.5833333333333334 0.0020833333333333927 0.00370370370370373
0 0.8921875 0.5833333333333334 0.0020833333333333927 0.00370370370370373
0 0.9341145833333332 0.5833333333333334 0.0026041666666666075 0.00370370370370373
0 0.9434895833333332 0.5814814814814814 0.0026041666666666075 0.00370370370370373
0 0.1265625 0.4578703703703703 0.002083333333333326 0.004629629629629603
0 0.1546875 0.4592592592592592 0.002083333333333326 0.00370370370370373
0 0.2359375 0.43981481481481477 0.002083333333333348 0.00370370370370373
0 0.24296875 0.4356481481481481 0.0015625 0.004629629629629603
0 0.25026041666666665 0.4314814814814814 0.0015625 0.00370370370370373
0 0.26588541666666665 0.42777777777777776 0.0015625 0.00370370370370373
