0 0.13125 0.6662037037037036 0.003125 0.004629629629629603
0 0.14479166666666665 0.6708333333333333 0.002083333333333326 0.004629629629629603
0 0.17213541666666665 0.6782407407407407 0.002604166666666674 0.004629629629629682
0 0.4252604166666666 0.5041666666666667 0.0026041666666666964 0.004629629629629603
0 0.4403645833333333 0.5046296296296297 0.0026041666666666075 0.005555555555555556
0 0.4546875 0.5550925925925926 0.003125 0.004629629629629603
0 0.4747395833333333 0.549074074074074 0.0026041666666666075 0.005555555555555556
0 0.5268229166666666 0.5087962962962963 0.0026041666666666964 0.004629629629629682
0 0.6221354166666666 0.22083333333333333 0.0046875 0.006481481481481468
0 0.9893229166666666 0.4046296296296296 0.002604166666666785 0.003703703703703651
