0 0.8010416666666667 0.6287037037037037 0.002083333333333215 0.00370370370370373
0 0.7880208333333333 0.6185185185185185 0.0020833333333333927 0.003703703703703651
0 0.78046875 0.6166666666666667 0.0015625 0.00370370370370373
0 0.7747395833333333 0.610648148148148 0.0015625 0.004629629629629603
0 0.7666666666666666 0.6074074074074074 0.002083333333333304 0.003703703703703651
0 0.7609375 0.6055555555555555 0.002083333333333304 0.00370370370370373
0 0.7528645833333333 0.6027777777777777 0.0026041666666666075 0.00370370370370373
0 0.7466145833333333 0.600462962962963 0.0015625 0.004629629629629682
0 0.7385416666666667 0.5958333333333333 0.002083333333333304 0.004629629629629603
0 0.6979166666666666 0.586574074074074 0.002083333333333304 0.004629629629629682
0 0.6890625 0.5805555555555556 0.002083333333333304 0.00370370370370373
0 0.5510416666666667 0.35416666666666663 0.002083333333333304 0.004629629629629603
0 0.5408854166666666 0.3657407407407407 0.0026041666666666964 0.003703703703703651
0 0.3755208333333333 0.00648148148148148 0.004166666666666652 0.007407407407407407
0 0.3536458333333333 0.675 0.002083333333333348 0.005555555555555556
0 0.22291666666666665 0.6157407407407407 0.002083333333333304 0.003703703703703651
0 0.20416666666666666 0.6185185185185185 0.002083333333333304 0.003703703703703651
0 0.1546875 0.6787037037037037 0.002083333333333326 0.00370370370370373
0 0.15052083333333333 0.6805555555555556 0.002083333333333348 0.00370370370370373
0 0.13854166666666665 0.6851851851851851 0.002083333333333326 0.005555555555555556
0 0.1328125 0.6898148148148148 0.002083333333333326 0.00370370370370373
0 0.1265625 0.6907407407407408 0.002083333333333326 0.003703703703703651
0 0.0890625 0.6768518518518518 0.002083333333333337 0.003703703703703651
0 0.09296875 0.5546296296296296 0.0015625 0.003703703703703651
0 0.12786458333333334 0.5685185185185185 0.0015625 0.003703703703703651
0 0.13723958333333333 0.5657407407407408 0.0015625 0.003703703703703651
0 0.15546875 0.5555555555555556 0.0015625 0.00370370370370373
0 0.16041666666666665 0.5555555555555556 0.002083333333333326 0.00370370370370373
