0 0.2528645833333333 0.46342592592592585 0.0026041666666666518 0.004629629629629603
0 0.10208333333333333 0.19444444444444445 0.00625 0.007407407407407421
0 0.37916666666666665 0.6060185185185185 0.003125 0.004629629629629682
0 0.32838541666666665 0.5958333333333333 0.0026041666666666964 0.004629629629629603
0 0.2309895833333333 0.46759259259259256 0.0026041666666666518 0.00370370370370373
0 0.2341145833333333 0.46574074074074073 0.0026041666666666518 0.003703703703703651
0 0.24921875 0.4662037037037037 0.0015625 0.004629629629629603
0 0.22786458333333331 0.46898148148148144 0.0026041666666666518 0.008333333333333333
0 0.203125 0.47638888888888886 0.003125 0.006481481481481508
0 0.19921874999999997 0.47870370370370363 0.0026041666666666518 0.00370370370370373
0 0.22421875 0.46898148148148144 0.0015625 0.004629629629629603
0 0.21223958333333331 0.4731481481481481 0.003645833333333348 0.005555555555555556
0 0.0796875 0.19351851851851848 0.003125 0.0037037037037036904
0 0.0609375 0.18518518518518515 0.002083333333333337 0.005555555555555556
0 0.041666666666666664 0.1726851851851852 0.0020833333333333316 0.004629629629629642
0 0.0859375 0.1925925925925926 0.004166666666666663 0.00370370370370373
0 0.0328125 0.16944444444444445 0.005208333333333331 0.0037037037037037104
0 0.053385416666666664 0.1810185185185185 0.002604166666666674 0.004629629629629642
0 0.0578125 0.1810185185185185 0.002083333333333337 0.004629629629629642
