0 0.4541666666666666 0.2777777777777778 0.004166666666666696 0.005555555555555556
0 0.7453125 0.23379629629629628 0.00625 0.010185185185185198
0 0.13098958333333333 0.3560185185185185 0.0026041666666666518 0.002777777777777778
0 0.14348958333333334 0.35833333333333334 0.0026041666666666518 0.00370370370370373
0 0.14713541666666666 0.3574074074074074 0.002604166666666674 0.003703703703703651
0 0.1546875 0.3606481481481481 0.002083333333333326 0.004629629629629603
0 0.15729166666666666 0.3625 0.002083333333333326 0.004629629629629603
0 0.16484375 0.3657407407407407 0.0015625 0.003703703703703651
0 0.16796875 0.3680555555555556 0.0015625 0.004629629629629603
0 0.16979166666666665 0.36851851851851847 0.002083333333333326 0.003703703703703651
0 0.17552083333333332 0.3703703703703703 0.002083333333333348 0.00370370370370373
0 0.49479166666666663 0.6430555555555556 0.002083333333333304 0.002777777777777778
0 0.5072916666666666 0.6333333333333333 0.002083333333333304 0.00370370370370373
0 0.5427083333333333 0.6592592592592592 0.0020833333333333927 0.00370370370370373
0 0.5921875 0.562037037037037 0.002083333333333304 0.00370370370370373
0 0.6184895833333333 0.6606481481481481 0.0015625 0.004629629629629603
