0 0.7916666666666666 0.3236111111111111 0.004166666666666696 0.006481481481481468
0 0.041666666666666664 0.31296296296296294 0.0020833333333333316 0.0037037037037036904
0 0.08489583333333332 0.1560185185185185 0.004166666666666663 0.008333333333333333
0 0.07291666666666666 0.5787037037037036 0.002083333333333326 0.00370370370370373
0 0.5265625 0.6504629629629629 0.002083333333333304 0.004629629629629682
0 0.49296875 0.6365740740740741 0.0015625 0.004629629629629682
0 0.5479166666666666 0.6606481481481481 0.002083333333333304 0.004629629629629603
0 0.5947916666666666 0.5537037037037037 0.002083333333333304 0.00370370370370373
0 0.5916666666666666 0.5356481481481481 0.002083333333333304 0.004629629629629603
0 0.6604166666666667 0.6564814814814814 0.002083333333333304 0.00370370370370373
0 0.46354166666666663 0.30601851851851847 0.002083333333333304 0.002777777777777778
