0 0.3395833333333333 0.4439814814814814 0.003125 0.002777777777777778
0 0.27838541666666666 0.2560185185185185 0.003645833333333304 0.004629629629629642
0 0.4065104166666666 0.6060185185185185 0.0015625 0.002777777777777778
0 0.4247395833333333 0.6064814814814814 0.0026041666666666075 0.00370370370370373
0 0.32421875 0.44583333333333336 0.0015625 0.004629629629629603
0 0.3015625 0.45046296296296295 0.002083333333333348 0.004629629629629682
0 0.2778645833333333 0.4574074074074074 0.0015625 0.003703703703703651
0 0.2911458333333333 0.4513888888888889 0.003125 0.004629629629629603
0 0.2828125 0.4574074074074074 0.003125 0.005555555555555556
0 0.27057291666666666 0.25277777777777777 0.0026041666666666964 0.0037037037037036904
0 0.2247395833333333 0.23009259259259257 0.0015625 0.004629629629629603
0 0.21171875 0.22453703703703703 0.0015625 0.004629629629629603
0 0.21614583333333331 0.22453703703703703 0.002083333333333348 0.004629629629629603
0 0.18776041666666665 0.2148148148148148 0.002604166666666674 0.00370370370370373
0 0.20494791666666665 0.22037037037037036 0.003645833333333304 0.00370370370370373
0 0.1609375 0.20416666666666666 0.002083333333333326 0.002777777777777778
