0 0.7130208333333333 0.5217592592592593 0.004166666666666608 0.010185185185185158
0 0.6122395833333333 0.6592592592592592 0.0015625 0.00370370370370373
0 0.29296875 0.5694444444444444 0.0026041666666666518 0.00370370370370373
0 0.3098958333333333 0.574537037037037 0.002083333333333348 0.004629629629629603
0 0.15234375 0.6287037037037037 0.002604166666666674 0.00370370370370373
0 0.10104166666666665 0.6027777777777777 0.002083333333333326 0.00370370370370373
0 0.10104166666666665 0.5796296296296296 0.002083333333333326 0.003703703703703651
0 0.12552083333333333 0.33055555555555555 0.002083333333333348 0.0037037037037036904
0 0.13177083333333334 0.3277777777777778 0.002083333333333348 0.0037037037037036904
0 0.13671875 0.33425925925925926 0.0015625 0.00370370370370373
0 0.74921875 0.35555555555555557 0.0015625 0.0037037037037036904
0 0.7630208333333333 0.36481481481481476 0.0020833333333333927 0.00370370370370373
