0 0.4705729166666666 0.34953703703703703 0.0026041666666666964 0.006481481481481508
0 0.5216145833333333 0.2875 0.008854166666666607 0.008333333333333333
0 0.4216145833333333 0.4 0.0046875 0.005555555555555556
0 0.37916666666666665 0.437037037037037 0.003125 0.005555555555555556
0 0.33307291666666666 0.46805555555555556 0.0026041666666666964 0.006481481481481508
0 0.2947916666666667 0.4949074074074074 0.004166666666666696 0.004629629629629682
0 0.2947916666666667 0.4875 0.004166666666666696 0.004629629629629603
0 0.2591145833333333 0.5111111111111111 0.003645833333333348 0.005555555555555556
0 0.2192708333333333 0.5175925925925925 0.004166666666666652 0.00370370370370373
0 0.18229166666666666 0.5231481481481481 0.002083333333333326 0.005555555555555556
0 0.15026041666666665 0.5180555555555556 0.0046875 0.004629629629629603
0 0.11171875 0.5157407407407407 0.0015625 0.005555555555555556
