0 0.8341145833333332 0.15138888888888888 0.0140625 0.019444444444444445
0 0.7486979166666666 0.5231481481481481 0.0026041666666666964 0.005555555555555556
0 0.7127604166666666 0.5305555555555556 0.0026041666666666964 0.00370370370370373
0 0.61171875 0.5541666666666667 0.0015625 0.004629629629629603
0 0.5822916666666667 0.5606481481481481 0.002083333333333304 0.004629629629629603
0 0.5171875 0.575462962962963 0.002083333333333304 0.004629629629629682
0 0.4890625 0.5828703703703704 0.002083333333333304 0.002777777777777778
0 0.4192708333333333 0.6087962962962963 0.0020833333333333927 0.002777777777777778
0 0.40104166666666663 0.6166666666666667 0.002083333333333304 0.00370370370370373
0 0.3796875 0.624537037037037 0.002083333333333348 0.004629629629629603
0 0.35963541666666665 0.6310185185185185 0.0015625 0.004629629629629682
0 0.33854166666666663 0.6398148148148147 0.002083333333333304 0.00370370370370373
0 0.31744791666666666 0.6458333333333334 0.0026041666666666964 0.004629629629629603
0 0.29401041666666666 0.6564814814814814 0.0026041666666666964 0.00370370370370373
