0 0.8515625 0.5305555555555556 0.004166666666666608 0.011111111111111112
0 0.66171875 0.5986111111111111 0.0015625 0.004629629629629603
0 0.6703125 0.5962962962962963 0.002083333333333304 0.003703703703703651
0 0.67734375 0.5972222222222222 0.0015625 0.005555555555555556
0 0.6854166666666666 0.5944444444444444 0.002083333333333304 0.00370370370370373
0 0.69296875 0.5944444444444444 0.0015625 0.00370370370370373
0 0.32421875 0.5666666666666667 0.0015625 0.00370370370370373
0 0.3046875 0.5657407407407408 0.002083333333333348 0.003703703703703651
0 0.12604166666666666 0.6375 0.002083333333333326 0.004629629629629603
0 0.1578125 0.6018518518518519 0.002083333333333326 0.003703703703703651
0 0.07682291666666666 0.6833333333333333 0.002604166666666674 0.00370370370370373
0 0.035416666666666666 0.6555555555555556 0.0020833333333333316 0.00370370370370373
0 0.0203125 0.6083333333333333 0.002083333333333334 0.00370370370370373
0 0.0484375 0.6157407407407407 0.0020833333333333316 0.003703703703703651
0 0.12786458333333334 0.3055555555555556 0.0015625 0.0037037037037036904
0 0.13229166666666664 0.30277777777777776 0.002083333333333326 0.0037037037037036904
0 0.1328125 0.29814814814814816 0.002083333333333326 0.005555555555555556
0 0.14973958333333331 0.3157407407407407 0.0026041666666666518 0.0037037037037036904
0 0.09296875 0.17037037037037037 0.0015625 0.0037037037037037104
0 0.08177083333333332 0.16898148148148145 0.002083333333333337 0.004629629629629623
0 0.06979166666666667 0.16574074074074074 0.002083333333333326 0.0037037037037036904
0 0.0578125 0.16157407407407406 0.002083333333333337 0.004629629629629642
