0 0.5122395833333333 0.47407407407407404 0.0036458333333333924 0.005555555555555556
0 0.06458333333333333 0.5824074074074074 0.002083333333333337 0.003703703703703651
0 0.11302083333333332 0.5712962962962963 0.002083333333333348 0.003703703703703651
0 0.11276041666666665 0.6111111111111112 0.002604166666666674 0.005555555555555556
0 0.09036458333333333 0.35694444444444445 0.0015625 0.004629629629629603
0 0.0921875 0.3638888888888889 0.002083333333333337 0.005555555555555556
0 0.08671875 0.362037037037037 0.0015625 0.005555555555555556
0 0.4822916666666666 0.14212962962962963 0.002083333333333304 0.004629629629629642
0 0.50234375 0.15046296296296297 0.0015625 0.004629629629629642
0 0.5216145833333333 0.16111111111111112 0.0026041666666666075 0.005555555555555556
0 0.5385416666666666 0.17037037037037037 0.002083333333333304 0.0037037037037037104
0 0.5447916666666666 0.17129629629629628 0.002083333333333304 0.0037037037037036904
0 0.5497395833333333 0.17685185185185184 0.0026041666666666075 0.0037037037037036904
0 0.5640625 0.18657407407407406 0.002083333333333304 0.004629629629629642
0 0.5692708333333333 0.1907407407407407 0.0020833333333333927 0.0037037037037036904
0 0.58359375 0.20277777777777778 0.0015625 0.0037037037037036904
0 0.5796875 0.19629629629629627 0.002083333333333304 0.0037037037037036904
0 0.7567708333333333 0.6342592592592592 0.0020833333333333927 0.00370370370370373
0 0.7510416666666666 0.6333333333333333 0.002083333333333304 0.00370370370370373
0 0.7346354166666667 0.6305555555555555 0.0026041666666666964 0.00370370370370373
0 0.7286458333333333 0.6305555555555555 0.0020833333333333927 0.00370370370370373
0 0.7223958333333333 0.6305555555555555 0.0020833333333333927 0.00370370370370373
0 0.9729166666666667 0.5532407407407407 0.002083333333333215 0.004629629629629682
