0 0.9018229166666666 0.5685185185185185 0.002604166666666785 0.003703703703703651
0 0.88671875 0.5726851851851852 0.0026041666666666075 0.004629629629629682
0 0.8671875 0.5810185185185185 0.0020833333333333927 0.004629629629629682
0 0.78671875 0.6055555555555555 0.0026041666666666964 0.00370370370370373
0 0.7596354166666666 0.6157407407407407 0.0026041666666666964 0.003703703703703651
0 0.7609375 0.6703703703703703 0.002083333333333304 0.00370370370370373
0 0.63046875 0.6226851851851851 0.0015625 0.004629629629629682
0 0.6223958333333333 0.6231481481481481 0.0020833333333333927 0.005555555555555556
0 0.6130208333333333 0.6236111111111111 0.0020833333333333927 0.004629629629629603
0 0.6046875 0.6236111111111111 0.002083333333333304 0.004629629629629603
0 0.57734375 0.624537037037037 0.0015625 0.004629629629629603
0 0.56796875 0.624074074074074 0.0015625 0.005555555555555556
0 0.5328125 0.6277777777777778 0.002083333333333304 0.00370370370370373
0 0.5229166666666666 0.6273148148148148 0.002083333333333304 0.004629629629629603
0 0.5135416666666666 0.6296296296296297 0.002083333333333304 0.003703703703703651
0 0.39791666666666664 0.6472222222222223 0.002083333333333304 0.00370370370370373
0 0.09401041666666667 0.6305555555555555 0.002604166666666674 0.00370370370370373
0 0.06276041666666667 0.5935185185185184 0.0015625 0.003703703703703651
0 0.11484375 0.5583333333333333 0.0015625 0.00370370370370373
0 0.3546875 0.41481481481481475 0.004166666666666652 0.005555555555555556
0 0.0578125 0.36666666666666664 0.002083333333333337 0.00370370370370373
0 0.05807291666666666 0.3726851851851852 0.002604166666666674 0.004629629629629682
0 0.06354166666666666 0.37407407407407406 0.002083333333333326 0.005555555555555556
