0 0.58203125 0.40324074074074073 0.0026041666666666964 0.004629629629629682
0 0.6591145833333333 0.41018518518518515 0.0026041666666666075 0.005555555555555556
0 0.6635416666666666 0.4074074074074074 0.002083333333333304 0.003703703703703651
0 0.6692708333333333 0.4078703703703703 0.0020833333333333927 0.004629629629629603
0 0.6736979166666666 0.4060185185185185 0.0026041666666666964 0.004629629629629682
0 0.6833333333333333 0.40509259259259256 0.0020833333333333927 0.004629629629629603
0 0.68671875 0.40509259259259256 0.0015625 0.004629629629629603
0 0.6973958333333333 0.40324074074074073 0.0020833333333333927 0.004629629629629682
0 0.47526041666666663 0.4861111111111111 0.0026041666666666964 0.005555555555555556
0 0.4721354166666666 0.48518518518518516 0.0026041666666666964 0.005555555555555556
0 0.46744791666666663 0.48796296296296293 0.0026041666666666964 0.005555555555555556
0 0.46328125 0.48796296296296293 0.0026041666666666964 0.005555555555555556
0 0.4559895833333333 0.49027777777777776 0.0026041666666666075 0.004629629629629603
0 0.4497395833333333 0.49027777777777776 0.0026041666666666075 0.004629629629629603
0 0.6385416666666666 0.21666666666666667 0.002083333333333304 0.0037037037037036904
0 0.6434895833333333 0.21203703703703702 0.0026041666666666075 0.005555555555555556
0 0.6822916666666666 0.20879629629629626 0.002083333333333304 0.004629629629629642
0 0.15729166666666666 0.4185185185185185 0.003125 0.005555555555555556
0 0.19661458333333331 0.20324074074074072 0.0026041666666666518 0.004629629629629642
0 0.12994791666666666 0.17083333333333334 0.002604166666666674 0.004629629629629623
0 0.026041666666666664 0.04675925925925926 0.004166666666666668 0.006481481481481483
0 0.34609375 0.18888888888888888 0.0026041666666666518 0.005555555555555556
0 0.39166666666666666 0.18611111111111112 0.002083333333333304 0.005555555555555556
0 0.3091145833333333 0.09907407407407406 0.0026041666666666518 0.005555555555555556
0 0.30859375 0.10601851851851851 0.0015625 0.004629629629629642
0 0.32578125 0.08009259259259259 0.0026041666666666518 0.004629629629629623
0 0.31901041666666663 0.08194444444444444 0.0026041666666666964 0.004629629629629633
0 0.31171875 0.09305555555555556 0.0026041666666666518 0.004629629629629623
0 0.31979166666666664 0.14212962962962963 0.002083333333333304 0.004629629629629642
0 0.35494791666666664 0.06805555555555555 0.0026041666666666964 0.004629629629629633
0 0.3716145833333333 0.06435185185185184 0.0026041666666666518 0.006481481481481478
0 0.38307291666666665 0.05879629629629629 0.0026041666666666964 0.004629629629629633
