0 0.21666666666666665 0.10694444444444444 0.004166666666666696 0.010185185185185179
0 0.1859375 0.6412037037037036 0.002083333333333326 0.004629629629629603
0 0.21276041666666665 0.5486111111111112 0.0026041666666666964 0.004629629629629603
0 0.20859375 0.6365740740740741 0.0026041666666666518 0.004629629629629682
0 0.2078125 0.6398148148148147 0.002083333333333348 0.00370370370370373
0 0.19609375 0.6444444444444445 0.002604166666666674 0.00370370370370373
0 0.1984375 0.6472222222222223 0.002083333333333326 0.00370370370370373
0 0.2078125 0.6472222222222223 0.002083333333333348 0.00370370370370373
0 0.2255208333333333 0.6537037037037037 0.002083333333333348 0.00370370370370373
0 0.2328125 0.6555555555555556 0.002083333333333348 0.00370370370370373
0 0.24166666666666664 0.6574074074074073 0.002083333333333304 0.003703703703703651
