0 0.70703125 0.4435185185185185 0.005729166666666697 0.00740740740740746
0 0.2635416666666667 0.649074074074074 0.003125 0.005555555555555556
0 0.2442708333333333 0.6504629629629629 0.003125 0.006481481481481429
0 0.2046875 0.6527777777777778 0.003125 0.007407407407407381
0 0.17161458333333332 0.31990740740740736 0.003645833333333348 0.006481481481481468
0 0.12526041666666665 0.30092592592592593 0.003645833333333326 0.005555555555555556
0 0.10208333333333333 0.29305555555555557 0.003125 0.006481481481481468
0 0.07864583333333333 0.2810185185185185 0.003125 0.006481481481481468
0 0.029166666666666664 0.2532407407407407 0.004166666666666668 0.006481481481481468
0 0.00625 0.2388888888888889 0.003125 0.005555555555555556
