0 0.9015625 0.5675925925925925 0.0020833333333333927 0.00370370370370373
0 0.8859375 0.5726851851851852 0.0020833333333333927 0.004629629629629682
0 0.8768229166666666 0.5759259259259258 0.002604166666666785 0.005555555555555556
0 0.8671875 0.5805555555555556 0.0020833333333333927 0.00370370370370373
0 0.8559895833333332 0.5833333333333334 0.0026041666666666075 0.00370370370370373
0 0.8348958333333332 0.5921296296296296 0.0020833333333333927 0.004629629629629682
0 0.8229166666666666 0.5944444444444444 0.002083333333333215 0.00370370370370373
0 0.63046875 0.6226851851851851 0.0026041666666666964 0.004629629629629682
0 0.6223958333333333 0.6236111111111111 0.0020833333333333927 0.004629629629629603
0 0.6122395833333333 0.6236111111111111 0.0026041666666666075 0.004629629629629603
0 0.6046875 0.6226851851851851 0.002083333333333304 0.004629629629629682
0 0.57734375 0.6254629629629629 0.0026041666666666964 0.004629629629629682
0 0.56796875 0.6254629629629629 0.0015625 0.004629629629629682
0 0.5598958333333333 0.624537037037037 0.0020833333333333927 0.004629629629629603
0 0.4104166666666666 0.6648148148148147 0.002083333333333304 0.00370370370370373
0 0.11302083333333332 0.5606481481481481 0.002083333333333348 0.004629629629629603
0 0.0578125 0.5935185185185184 0.002083333333333337 0.003703703703703651
0 0.0515625 0.637962962962963 0.002083333333333337 0.005555555555555556
0 0.09348958333333332 0.6305555555555555 0.002604166666666663 0.00370370370370373
0 0.3848958333333333 0.4435185185185185 0.004166666666666652 0.00740740740740746
0 0.06458333333333333 0.36481481481481476 0.002083333333333337 0.00370370370370373
0 0.06354166666666666 0.36944444444444446 0.002083333333333326 0.00370370370370373
0 0.06927083333333332 0.3712962962962963 0.002083333333333337 0.003703703703703651
