0 0.8309895833333332 0.5574074074074074 0.0026041666666666075 0.003703703703703651
0 0.6203125 0.6453703703703704 0.002083333333333304 0.00370370370370373
0 0.4916666666666666 0.6375 0.002083333333333304 0.004629629629629603
0 0.3997395833333333 0.5805555555555556 0.003645833333333348 0.005555555555555556
0 0.30729166666666663 0.6148148148148148 0.002083333333333304 0.00370370370370373
0 0.07552083333333333 0.6287037037037037 0.002083333333333337 0.00370370370370373
0 0.13854166666666665 0.5518518518518518 0.002083333333333326 0.003703703703703651
0 0.06041666666666666 0.5939814814814814 0.002083333333333326 0.004629629629629603
0 0.2567708333333333 0.3606481481481481 0.002083333333333348 0.004629629629629603
0 0.2255208333333333 0.31157407407407406 0.004166666666666652 0.006481481481481468
0 0.031510416666666666 0.374537037037037 0.0026041666666666687 0.004629629629629603
0 0.03671875 0.3796296296296296 0.0026041666666666687 0.003703703703703651
0 0.04036458333333333 0.38055555555555554 0.002604166666666663 0.00370370370370373
