0 0.29791666666666666 0.2222222222222222 0.007291666666666696 0.009259259259259247
0 0.2828125 0.21388888888888888 0.007291666666666652 0.005555555555555556
0 0.25416666666666665 0.1921296296296296 0.002083333333333304 0.002777777777777778
0 0.12838541666666664 0.037037037037037035 0.0015625 0.003703703703703705
0 0.13359375 0.0412037037037037 0.0015625 0.002777777777777778
0 0.15416666666666665 0.0699074074074074 0.002083333333333326 0.002777777777777778
0 0.16614583333333333 0.0962962962962963 0.002083333333333348 0.0037037037037036904
0 0.23671875 0.17777777777777776 0.0015625 0.0037037037037036904
0 0.2247395833333333 0.16296296296296295 0.0015625 0.0037037037037036904
0 0.19166666666666665 0.12777777777777777 0.002083333333333326 0.0037037037037037104
0 0.25859375 0.19444444444444445 0.0015625 0.0037037037037036904
