0 0.5145833333333333 0.4231481481481481 0.003125 0.005555555555555556
0 0.6140625 0.1537037037037037 0.004166666666666696 0.005555555555555556
0 0.5184895833333333 0.6060185185185185 0.0026041666666666075 0.004629629629629682
0 0.509375 0.6055555555555555 0.003125 0.00370370370370373
0 0.49479166666666663 0.5726851851851852 0.002083333333333304 0.004629629629629682
0 0.49479166666666663 0.42870370370370364 0.002083333333333304 0.00370370370370373
0 0.5130208333333333 0.275 0.003125 0.005555555555555556
0 0.4984375 0.28009259259259256 0.002083333333333304 0.002777777777777778
0 0.5247395833333333 0.26620370370370366 0.0036458333333333924 0.002777777777777778
0 0.5622395833333333 0.23333333333333334 0.0015625 0.0037037037037036904
0 0.5497395833333333 0.2435185185185185 0.0015625 0.0037037037037036904
0 0.5372395833333333 0.2509259259259259 0.0026041666666666075 0.005555555555555556
0 0.5578125 0.23148148148148145 0.002083333333333304 0.00370370370370373
0 0.59921875 0.1699074074074074 0.0015625 0.004629629629629642
0 0.5822916666666667 0.20648148148148146 0.003125 0.00370370370370373
0 0.5723958333333333 0.21435185185185182 0.0020833333333333927 0.002777777777777778
