0 0.16666666666666666 0.3263888888888889 0.002083333333333326 0.004629629629629642
0 0.22682291666666665 0.29444444444444445 0.0026041666666666964 0.0037037037037036904
0 0.4421875 0.35092592592592586 0.004166666666666696 0.011111111111111072
0 0.4778645833333333 0.3935185185185185 0.0026041666666666075 0.003703703703703651
0 0.5549479166666667 0.4592592592592592 0.0026041666666666964 0.00370370370370373
0 0.58984375 0.3726851851851852 0.0046875 0.004629629629629682
0 0.584375 0.45555555555555555 0.003125 0.005555555555555556
0 0.5666666666666667 0.4513888888888889 0.002083333333333304 0.004629629629629603
0 0.5791666666666666 0.45555555555555555 0.002083333333333304 0.00370370370370373
0 0.8286458333333332 0.45555555555555555 0.004166666666666608 0.00370370370370373
0 0.7947916666666666 0.4583333333333333 0.002083333333333304 0.00370370370370373
