0 0.04401041666666666 0.4305555555555556 0.0026041666666666687 0.005555555555555556
0 0.06666666666666667 0.43796296296296294 0.002083333333333326 0.005555555555555556
0 0.09036458333333333 0.4444444444444444 0.003645833333333337 0.005555555555555556
0 0.11354166666666665 0.4527777777777778 0.004166666666666674 0.005555555555555556
0 0.13411458333333331 0.46018518518518514 0.0026041666666666518 0.005555555555555556
0 0.15546875 0.4625 0.002604166666666674 0.006481481481481508
0 0.17604166666666665 0.4703703703703703 0.003125 0.005555555555555556
0 0.19401041666666666 0.475 0.002604166666666674 0.005555555555555556
0 0.2309895833333333 0.4810185185185185 0.0026041666666666518 0.006481481481481429
0 0.7317708333333333 0.30416666666666664 0.003125 0.004629629629629642
0 0.7135416666666666 0.29583333333333334 0.003125 0.004629629629629642
0 0.6947916666666666 0.2861111111111111 0.003125 0.005555555555555556
0 0.6752604166666666 0.2754629629629629 0.0026041666666666964 0.004629629629629642
0 0.6567708333333333 0.2625 0.004166666666666608 0.006481481481481468
0 0.5716145833333333 0.2111111111111111 0.0046875 0.005555555555555556
0 0.5234375 0.175 0.004166666666666696 0.005555555555555556
0 0.4966145833333333 0.15555555555555556 0.0036458333333333924 0.005555555555555556
0 0.22526041666666666 0.19305555555555556 0.005729166666666697 0.006481481481481468
0 0.26796875 0.09351851851851851 0.003645833333333348 0.005555555555555556
0 0.04114583333333333 0.137037037037037 0.002083333333333337 0.005555555555555556
0 0.2903645833333333 0.004629629629629629 0.003645833333333348 0.007407407407407407
0 0.3671875 0.06435185185185184 0.003125 0.006481481481481478
