0 0.39166666666666666 0.4486111111111111 0.002083333333333304 0.004629629629629603
0 0.3817708333333333 0.2935185185185185 0.005208333333333348 0.007407407407407421
0 0.4065104166666666 0.6060185185185185 0.0026041666666666964 0.002777777777777778
0 0.45234375 0.6009259259259259 0.0026041666666666964 0.005555555555555556
0 0.3653645833333333 0.4439814814814814 0.0026041666666666518 0.002777777777777778
0 0.34479166666666666 0.4439814814814814 0.002083333333333304 0.004629629629629603
0 0.3403645833333333 0.4435185185185185 0.0015625 0.003703703703703651
0 0.32421875 0.4453703703703703 0.0015625 0.005555555555555556
0 0.30234375 0.45046296296296295 0.0015625 0.004629629629629682
0 0.2786458333333333 0.4574074074074074 0.002083333333333348 0.003703703703703651
0 0.28229166666666666 0.45648148148148143 0.002083333333333304 0.005555555555555556
0 0.2908854166666667 0.4527777777777778 0.0026041666666666964 0.00370370370370373
0 0.3729166666666667 0.29583333333333334 0.002083333333333304 0.002777777777777778
0 0.3622395833333333 0.2898148148148148 0.0015625 0.00370370370370373
0 0.3497395833333333 0.2884259259259259 0.0046875 0.004629629629629603
0 0.3278645833333333 0.28009259259259256 0.0015625 0.004629629629629603
0 0.32057291666666665 0.27685185185185185 0.0026041666666666964 0.005555555555555556
0 0.2703125 0.2518518518518518 0.002083333333333348 0.0037037037037036904
0 0.2247395833333333 0.23009259259259257 0.0015625 0.004629629629629603
0 0.20416666666666666 0.22083333333333333 0.004166666666666696 0.004629629629629642
0 0.21588541666666666 0.225 0.0015625 0.0037037037037036904
0 0.21171875 0.225 0.0015625 0.0037037037037036904
