0 0.7591145833333333 0.12777777777777777 0.0046875 0.005555555555555556
0 0.9622395833333333 0.10509259259259258 0.0046875 0.006481481481481488
0 0.9666666666666666 0.11018518518518518 0.002083333333333215 0.005555555555555556
0 0.9921875 0.053240740740740734 0.0020833333333333927 0.004629629629629633
0 0.9755208333333332 0.02037037037037037 0.0020833333333333927 0.003703703703703705
0 0.9885416666666667 0.14768518518518517 0.002083333333333215 0.004629629629629642
0 0.9791666666666666 0.1300925925925926 0.002083333333333215 0.004629629629629623
0 0.9760416666666666 0.12453703703703703 0.002083333333333215 0.004629629629629623
0 0.8630208333333332 0.1787037037037037 0.0020833333333333927 0.0037037037037037104
0 0.79609375 0.17037037037037037 0.0015625 0.0037037037037037104
