0 0.78671875 0.20277777777777778 0.0078125 0.009259259259259247
0 0.19739583333333333 0.020833333333333332 0.003125 0.004629629629629628
0 0.04479166666666666 0.4671296296296296 0.005208333333333331 0.006481481481481429
0 0.0984375 0.4509259259259259 0.004166666666666663 0.005555555555555556
0 0.125 0.44305555555555554 0.003125 0.006481481481481508
0 0.23359375 0.41157407407407404 0.003645833333333348 0.006481481481481429
0 0.20416666666666666 0.42037037037037034 0.004166666666666696 0.007407407407407381
0 0.17734375 0.42916666666666664 0.0046875 0.006481481481481508
0 0.15104166666666666 0.43657407407407406 0.004166666666666674 0.006481481481481429
0 0.26171875 0.39953703703703697 0.0046875 0.006481481481481508
0 0.07109375 0.4592592592592592 0.0046875 0.005555555555555556
0 0.016666666666666666 0.4736111111111111 0.004166666666666668 0.006481481481481508
0 0.60546875 0.27268518518518514 0.0078125 0.006481481481481468
0 0.5364583333333333 0.2986111111111111 0.003125 0.006481481481481468
0 0.4739583333333333 0.32083333333333336 0.003125 0.004629629629629642
0 0.4174479166666666 0.34074074074074073 0.005729166666666697 0.005555555555555556
0 0.36979166666666663 0.35555555555555557 0.0052083333333333036 0.005555555555555556
0 0.6875 0.2435185185185185 0.003125 0.005555555555555556
