0 0.5885416666666666 0.04861111111111111 0.004166666666666696 0.006481481481481478
0 0.8536458333333332 0.6027777777777777 0.0020833333333333927 0.00370370370370373
0 0.8484375 0.6027777777777777 0.0020833333333333927 0.00370370370370373
0 0.8442708333333332 0.6046296296296296 0.0020833333333333927 0.003703703703703651
0 0.8385416666666666 0.6046296296296296 0.002083333333333215 0.003703703703703651
0 0.8322916666666667 0.6046296296296296 0.002083333333333215 0.003703703703703651
0 0.81640625 0.6046296296296296 0.0026041666666666075 0.003703703703703651
0 0.4453125 0.586574074074074 0.002083333333333304 0.004629629629629682
0 0.4046875 0.5805555555555556 0.002083333333333304 0.00370370370370373
0 0.35104166666666664 0.6148148148148148 0.002083333333333304 0.00370370370370373
0 0.3416666666666667 0.6175925925925926 0.002083333333333304 0.00370370370370373
0 0.3078125 0.6226851851851851 0.002083333333333348 0.004629629629629682
0 0.27109375 0.6282407407407408 0.0015625 0.004629629629629682
0 0.1296875 0.6666666666666666 0.002083333333333326 0.00370370370370373
0 0.00859375 0.44953703703703696 0.0015625 0.004629629629629603
0 0.014583333333333332 0.44953703703703696 0.002083333333333334 0.004629629629629603
0 0.02734375 0.4486111111111111 0.0015625 0.004629629629629603
0 0.0328125 0.44907407407407407 0.0020833333333333316 0.005555555555555556
0 0.04479166666666666 0.44722222222222224 0.0020833333333333316 0.005555555555555556
