0 0.2559895833333333 0.6120370370370369 0.006770833333333348 0.007407407407407381
0 0.4390625 0.6277777777777778 0.00625 0.007407407407407381
0 0.48046875 0.6305555555555555 0.0046875 0.005555555555555556
0 0.5536458333333333 0.6388888888888888 0.003125 0.005555555555555556
0 0.5716145833333333 0.6412037037037036 0.0036458333333333924 0.006481481481481508
0 0.5890625 0.6458333333333334 0.004166666666666696 0.006481481481481508
0 0.6046875 0.6444444444444445 0.003125 0.005555555555555556
0 0.6221354166666666 0.6486111111111111 0.0046875 0.006481481481481508
0 0.9966145833333332 0.022685185185185183 0.0015625 0.006481481481481478
0 0.92109375 0.3814814814814814 0.0046875 0.005555555555555556
