0 0.5924479166666666 0.28703703703703703 0.0026041666666666964 0.005555555555555556
0 0.7473958333333333 0.21712962962962962 0.0020833333333333927 0.004629629629629642
0 0.4122395833333333 0.18611111111111112 0.0026041666666666075 0.005555555555555556
0 0.41953125 0.06018518518518518 0.0026041666666666964 0.005555555555555556
0 0.4403645833333333 0.06759259259259259 0.0026041666666666075 0.005555555555555556
0 0.48307291666666663 0.030555555555555555 0.0026041666666666964 0.005555555555555556
0 0.5315104166666667 0.013888888888888888 0.0026041666666666964 0.005555555555555556
0 0.5580729166666666 0.0060185185185185185 0.0026041666666666964 0.00462962962962963
0 0.06901041666666666 0.14583333333333334 0.002604166666666674 0.004629629629629623
0 0.04609375 0.13194444444444445 0.0015625 0.004629629629629623
0 0.0109375 0.1273148148148148 0.002083333333333333 0.004629629629629623
0 0.22604166666666664 0.23703703703703702 0.002083333333333304 0.005555555555555556
0 0.4653645833333333 0.23055555555555557 0.0026041666666666075 0.005555555555555556
0 0.4411458333333333 0.20092592592592592 0.003125 0.005555555555555556
0 0.4515625 0.21388888888888888 0.003125 0.005555555555555556
0 0.853125 0.19120370370370368 0.003125 0.006481481481481508
0 0.8453125 0.17175925925925925 0.003125 0.006481481481481488
0 0.8640625 0.21064814814814814 0.003125 0.006481481481481508
0 0.8703125 0.2185185185185185 0.003125 0.005555555555555556
0 0.8791666666666667 0.23101851851851848 0.003125 0.006481481481481468
0 0.8828125 0.23981481481481481 0.003125 0.005555555555555556
0 0.8854166666666666 0.24768518518518515 0.003125 0.006481481481481468
0 0.8979166666666666 0.2634259259259259 0.003125 0.006481481481481508
0 0.8921875 0.1986111111111111 0.003125 0.006481481481481468
