0 0.58046875 0.031018518518518518 0.005729166666666697 0.010185185185185188
0 0.5817708333333333 0.04583333333333333 0.003125 0.004629629629629628
0 0.5890625 0.07037037037037036 0.00625 0.005555555555555556
0 0.5953125 0.09907407407407406 0.003125 0.005555555555555556
0 0.5966145833333333 0.1111111111111111 0.0036458333333333924 0.0037037037037037104
0 0.60234375 0.1560185185185185 0.0015625 0.002777777777777778
0 0.5997395833333333 0.1412037037037037 0.0015625 0.002777777777777778
0 0.5997395833333333 0.137037037037037 0.0015625 0.0037037037037037104
0 0.5973958333333333 0.11851851851851851 0.003125 0.0037037037037036904
0 0.6005208333333333 0.13287037037037036 0.0020833333333333927 0.002777777777777778
