0 0.79921875 0.125 0.0015625 0.0037037037037037104
0 0.8028645833333332 0.12916666666666668 0.0015625 0.002777777777777778
0 0.01796875 0.32037037037037036 0.0026041666666666657 0.00370370370370373
0 0.056770833333333326 0.3263888888888889 0.002083333333333337 0.004629629629629642
0 0.4135416666666666 0.35694444444444445 0.002083333333333304 0.002777777777777778
0 0.3729166666666667 0.1550925925925926 0.002083333333333304 0.002777777777777778
0 0.34921875 0.0787037037037037 0.0015625 0.0037037037037037104
0 0.48671875 0.12638888888888888 0.0015625 0.002777777777777778
0 0.4966145833333333 0.019907407407407405 0.0015625 0.002777777777777778
0 0.2328125 0.22175925925925924 0.002083333333333348 0.002777777777777778
0 0.20052083333333331 0.07777777777777778 0.009374999999999977 0.00740740740740741
