0 0.6934895833333333 0.5916666666666667 0.0015625 0.00370370370370373
0 0.8104166666666666 0.5884259259259259 0.002083333333333215 0.004629629629629603
0 0.6161458333333333 0.5851851851851851 0.00625 0.01851851851851857
0 0.6559895833333333 0.5060185185185185 0.0015625 0.004629629629629682
0 0.6653645833333333 0.4907407407407407 0.0015625 0.003703703703703651
0 0.007291666666666666 0.4800925925925925 0.002083333333333333 0.002777777777777778
0 0.0109375 0.4782407407407407 0.002083333333333333 0.002777777777777778
0 0.5578125 0.46944444444444444 0.007291666666666696 0.009259259259259285
0 0.8153645833333332 0.4375 0.0015625 0.004629629629629603
0 0.17526041666666664 0.4754629629629629 0.0015625 0.004629629629629682
