0 0.7565104166666666 0.6333333333333333 0.0026041666666666964 0.00370370370370373
0 0.7515625 0.6342592592592592 0.002083333333333304 0.00370370370370373
0 0.7354166666666666 0.6314814814814814 0.002083333333333304 0.00370370370370373
0 0.7286458333333333 0.6305555555555555 0.0020833333333333927 0.00370370370370373
0 0.7221354166666666 0.6305555555555555 0.0026041666666666964 0.00370370370370373
0 0.70859375 0.6296296296296297 0.0026041666666666964 0.003703703703703651
0 0.6947916666666666 0.6268518518518518 0.002083333333333304 0.003703703703703651
0 0.6885416666666666 0.6268518518518518 0.002083333333333304 0.003703703703703651
0 0.6796875 0.6268518518518518 0.002083333333333304 0.003703703703703651
0 0.6723958333333333 0.624537037037037 0.0020833333333333927 0.004629629629629603
0 0.6635416666666666 0.624537037037037 0.002083333333333304 0.004629629629629603
0 0.65546875 0.6236111111111111 0.0015625 0.004629629629629603
0 0.1015625 0.6203703703703703 0.002083333333333326 0.00370370370370373
0 0.11223958333333332 0.5680555555555555 0.0015625 0.004629629629629603
0 0.05546875 0.5925925925925926 0.0015625 0.00370370370370373
0 0.0421875 0.6314814814814814 0.0020833333333333316 0.00370370370370373
0 0.0421875 0.6777777777777778 0.0020833333333333316 0.00370370370370373
0 0.05416666666666666 0.6777777777777778 0.002083333333333326 0.00370370370370373
0 0.019791666666666666 0.6236111111111111 0.0020833333333333316 0.004629629629629603
0 0.0078125 0.624537037037037 0.002083333333333333 0.004629629629629603
0 0.0140625 0.6222222222222222 0.002083333333333334 0.005555555555555556
0 0.0109375 0.6212962962962962 0.002083333333333333 0.003703703703703651
0 0.4515625 0.4810185185185185 0.003125 0.006481481481481429
0 0.07552083333333333 0.3675925925925925 0.002083333333333337 0.00370370370370373
0 0.07786458333333332 0.3592592592592592 0.002604166666666663 0.00370370370370373
0 0.08098958333333332 0.3675925925925925 0.0015625 0.00370370370370373
0 0.9135416666666666 0.5648148148148148 0.002083333333333215 0.00370370370370373
0 0.9609375 0.5560185185185185 0.0020833333333333927 0.004629629629629682
0 0.97265625 0.5555555555555556 0.0026041666666666075 0.00370370370370373
