0 0.3484375 0.1736111111111111 0.004166666666666652 0.006481481481481488
0 0.4096354166666666 0.22129629629629627 0.0015625 0.0037037037037036904
0 0.4161458333333333 0.23101851851851848 0.0020833333333333927 0.004629629629629642
0 0.43229166666666663 0.23518518518518516 0.002083333333333304 0.005555555555555556
0 0.28359375 0.65 0.0015625 0.005555555555555556
0 0.2809895833333333 0.6518518518518518 0.0026041666666666518 0.003703703703703651
0 0.2778645833333333 0.6527777777777778 0.0026041666666666518 0.00370370370370373
0 0.27291666666666664 0.6550925925925926 0.002083333333333304 0.004629629629629603
0 0.2684895833333333 0.6583333333333333 0.0015625 0.00370370370370373
0 0.21796875 0.5569444444444445 0.0015625 0.004629629629629603
0 0.2028645833333333 0.6458333333333334 0.0026041666666666518 0.004629629629629603
