0 0.6434895833333333 0.49166666666666664 0.0036458333333333924 0.007407407407407381
0 0.3098958333333333 0.574537037037037 0.002083333333333348 0.004629629629629603
0 0.22109375 0.5527777777777778 0.0015625 0.00370370370370373
0 0.14036458333333332 0.6175925925925926 0.0026041666666666518 0.00370370370370373
0 0.08619791666666667 0.5648148148148148 0.002604166666666674 0.00370370370370373
0 0.11796875 0.5986111111111111 0.0015625 0.004629629629629603
0 0.07526041666666666 0.524537037037037 0.002604166666666674 0.004629629629629603
0 0.12291666666666665 0.34814814814814815 0.002083333333333326 0.005555555555555556
0 0.11354166666666665 0.34444444444444444 0.002083333333333326 0.0037037037037036904
0 0.12109375 0.3416666666666667 0.0015625 0.0037037037037036904
0 0.1234375 0.33055555555555555 0.002083333333333326 0.0037037037037036904
0 0.11354166666666665 0.6018518518518519 0.002083333333333326 0.003703703703703651
0 0.1453125 0.6231481481481481 0.002083333333333326 0.005555555555555556
0 0.0640625 0.6592592592592592 0.002083333333333337 0.00370370370370373
0 0.7692708333333333 0.36944444444444446 0.0020833333333333927 0.00370370370370373
0 0.7627604166666666 0.3657407407407407 0.0026041666666666964 0.003703703703703651
0 0.7497395833333333 0.35555555555555557 0.0026041666666666075 0.0037037037037036904
0 0.73671875 0.34953703703703703 0.0026041666666666964 0.004629629629629603
0 0.7296875 0.3453703703703704 0.002083333333333304 0.00370370370370373
0 0.7229166666666667 0.34259259259259256 0.002083333333333304 0.00370370370370373
0 0.7184895833333333 0.336574074074074 0.0015625 0.004629629629629642
0 0.7059895833333333 0.32870370370370366 0.0015625 0.00370370370370373
0 0.7005208333333333 0.3236111111111111 0.0020833333333333927 0.004629629629629642
0 0.6890625 0.3125 0.002083333333333304 0.004629629629629642
0 0.6671875 0.2902777777777778 0.002083333333333304 0.004629629629629642
0 0.6515625 0.27129629629629626 0.002083333333333304 0.0037037037037036904
