0 0.09348958333333332 0.44722222222222224 0.0109375 0.009259259259259285
0 0.20729166666666665 0.5560185185185185 0.002083333333333304 0.006481481481481429
0 0.01171875 0.3638888888888889 0.0078125 0.007407407407407381
0 0.06302083333333333 0.3625 0.004166666666666663 0.006481481481481508
0 0.08723958333333333 0.3625 0.0046875 0.006481481481481508
0 0.21223958333333331 0.3625 0.0026041666666666518 0.006481481481481508
0 0.12838541666666664 0.36666666666666664 0.005729166666666674 0.005555555555555556
0 0.2903645833333333 0.3680555555555556 0.0026041666666666518 0.004629629629629603
0 0.2333333333333333 0.3657407407407407 0.003125 0.005555555555555556
0 0.2515625 0.3634259259259259 0.004166666666666652 0.006481481481481508
0 0.27109375 0.3675925925925925 0.003645833333333348 0.005555555555555556
0 0.35859375 0.374537037037037 0.0046875 0.006481481481481508
0 0.4528645833333333 0.548148148148148 0.0036458333333333924 0.005555555555555556
