0 0.4033854166666666 0.24305555555555555 0.0026041666666666964 0.006481481481481468
0 0.40078125 0.22268518518518515 0.0026041666666666518 0.006481481481481468
0 0.4411458333333333 0.1699074074074074 0.003125 0.002777777777777778
0 0.4533854166666666 0.14814814814814814 0.0026041666666666964 0.0037037037037037104
0 0.4578125 0.15 0.002083333333333304 0.005555555555555556
0 0.4291666666666666 0.18379629629629626 0.004166666666666696 0.002777777777777778
0 0.4184895833333333 0.19907407407407404 0.0026041666666666075 0.0037037037037036904
0 0.4078125 0.2148148148148148 0.002083333333333304 0.00370370370370373
0 0.39557291666666666 0.23101851851851848 0.0026041666666666964 0.004629629629629642
0 0.5385416666666666 0.006944444444444444 0.003125 0.002777777777777778
0 0.5416666666666666 0.003240740740740741 0.002083333333333304 0.00462962962962963
0 0.52109375 0.03657407407407407 0.0026041666666666964 0.004629629629629633
0 0.5033854166666666 0.06435185185185184 0.0015625 0.006481481481481478
0 0.48671875 0.09259259259259257 0.0015625 0.0037037037037037104
0 0.4703125 0.11990740740740741 0.002083333333333304 0.004629629629629642
