0 0.7192708333333333 0.5787037037037036 0.0020833333333333927 0.00370370370370373
0 0.6203125 0.6444444444444445 0.002083333333333304 0.00370370370370373
0 0.6041666666666666 0.6435185185185185 0.002083333333333304 0.003703703703703651
0 0.5966145833333333 0.6435185185185185 0.0015625 0.003703703703703651
0 0.5880208333333333 0.6425925925925925 0.0020833333333333927 0.00370370370370373
0 0.5848958333333333 0.6055555555555555 0.0020833333333333927 0.00370370370370373
0 0.61484375 0.5555555555555556 0.0015625 0.00370370370370373
0 0.60234375 0.5504629629629629 0.0015625 0.004629629629629682
0 0.5723958333333333 0.6435185185185185 0.0020833333333333927 0.003703703703703651
0 0.5578125 0.6435185185185185 0.002083333333333304 0.003703703703703651
0 0.54921875 0.6430555555555556 0.0015625 0.004629629629629603
0 0.5341145833333333 0.6453703703703704 0.0015625 0.00370370370370373
0 0.5166666666666666 0.6472222222222223 0.002083333333333304 0.00370370370370373
0 0.5122395833333333 0.6236111111111111 0.0026041666666666075 0.004629629629629603
0 0.4611979166666666 0.6537037037037037 0.0026041666666666964 0.00370370370370373
0 0.44765625 0.6550925925925926 0.0026041666666666964 0.004629629629629603
0 0.4059895833333333 0.6333333333333333 0.0015625 0.00370370370370373
0 0.3734375 0.6555555555555556 0.002083333333333348 0.00370370370370373
0 0.3416666666666667 0.6578703703703703 0.002083333333333304 0.004629629629629603
0 0.35390625 0.5930555555555556 0.0026041666666666518 0.004629629629629603
0 0.32057291666666665 0.6157407407407407 0.0026041666666666964 0.003703703703703651
0 0.28151041666666665 0.610648148148148 0.0015625 0.004629629629629603
0 0.2684895833333333 0.6074074074074074 0.0015625 0.003703703703703651
0 0.2546875 0.6060185185185185 0.002083333333333348 0.004629629629629682
0 0.2265625 0.6027777777777777 0.002083333333333348 0.00370370370370373
0 0.25026041666666665 0.6444444444444445 0.0015625 0.00370370370370373
0 0.1859375 0.6486111111111111 0.002083333333333326 0.004629629629629603
0 0.10104166666666665 0.6486111111111111 0.002083333333333326 0.004629629629629603
0 0.04036458333333333 0.6134259259259258 0.0015625 0.004629629629629603
0 0.04296875 0.6046296296296296 0.0026041666666666687 0.003703703703703651
0 0.0546875 0.6037037037037036 0.002083333333333337 0.00370370370370373
0 0.0578125 0.5986111111111111 0.002083333333333337 0.004629629629629603
0 0.04348958333333333 0.6486111111111111 0.002604166666666663 0.004629629629629603
0 0.046614583333333334 0.6486111111111111 0.0015625 0.004629629629629603
0 0.03984375 0.65 0.0015625 0.005555555555555556
0 0.028385416666666663 0.6527777777777778 0.0026041666666666687 0.00370370370370373
0 0.008072916666666666 0.6398148148148147 0.002604166666666667 0.00370370370370373
0 0.0484375 0.4962962962962963 0.0020833333333333316 0.003703703703703651
0 0.06276041666666667 0.4986111111111111 0.0015625 0.004629629629629603
0 0.07552083333333333 0.5018518518518518 0.002083333333333337 0.005555555555555556
0 0.08854166666666666 0.47268518518518515 0.002083333333333326 0.004629629629629682
0 0.17161458333333332 0.5356481481481481 0.0026041666666666518 0.004629629629629603
0 0.13046875 0.499537037037037 0.002604166666666674 0.004629629629629603
0 0.1390625 0.512037037037037 0.002083333333333326 0.005555555555555556
0 0.1421875 0.5055555555555555 0.002083333333333326 0.00370370370370373
0 0.14166666666666666 0.5 0.002083333333333326 0.005555555555555556
0 0.02421875 0.33379629629629626 0.0078125 0.013888888888888888
0 0.0109375 0.3856481481481481 0.002083333333333333 0.004629629629629603
0 0.014583333333333332 0.3856481481481481 0.002083333333333334 0.004629629629629603
0 0.017447916666666667 0.3842592592592592 0.0026041666666666687 0.00370370370370373
