0 0.009375 0.5560185185185185 0.003125 0.004629629629629682
0 0.0296875 0.5606481481481481 0.003125 0.006481481481481508
0 0.07161458333333333 0.5680555555555555 0.0046875 0.006481481481481508
0 0.08958333333333332 0.5689814814814814 0.003125 0.006481481481481508
0 0.12916666666666665 0.5800925925925925 0.005208333333333326 0.006481481481481508
0 0.13098958333333333 0.6194444444444445 0.003645833333333348 0.005555555555555556
0 0.17291666666666666 0.6291666666666667 0.003125 0.006481481481481508
0 0.20026041666666666 0.6310185185185185 0.002604166666666674 0.006481481481481429
0 0.2130208333333333 0.6342592592592592 0.003125 0.005555555555555556
0 0.6755208333333333 0.29583333333333334 0.003125 0.006481481481481468
0 0.2515625 0.03796296296296296 0.003125 0.005555555555555556
