0 0.22916666666666666 0.07453703703703704 0.0052083333333333036 0.006481481481481488
0 0.6322916666666666 0.22592592592592592 0.004166666666666696 0.005555555555555556
0 0.5416666666666666 0.19305555555555556 0.004166666666666696 0.004629629629629642
0 0.0328125 0.5060185185185185 0.00625 0.004629629629629682
0 0.02734375 0.5333333333333333 0.0046875 0.005555555555555556
0 0.0171875 0.5689814814814814 0.004166666666666666 0.0009259259259259522
0 0.0421875 0.6736111111111112 0.004166666666666668 0.004629629629629603
0 0.04973958333333333 0.5416666666666666 0.003645833333333337 0.00370370370370373
0 0.07109375 0.5495370370370369 0.0046875 0.006481481481481508
0 0.09166666666666666 0.5518518518518518 0.003125 0.003703703703703651
0 0.0890625 0.5967592592592592 0.003125 0.006481481481481508
0 0.11171875 0.5592592592592592 0.003645833333333326 0.005555555555555556
0 0.15052083333333333 0.5703703703703703 0.003125 0.00370370370370373
0 0.18541666666666665 0.5773148148148147 0.004166666666666674 0.002777777777777778
0 0.2203125 0.5833333333333334 0.005208333333333348 0.00370370370370373
0 0.2372395833333333 0.5902777777777778 0.003645833333333348 0.004629629629629603
0 0.2716145833333333 0.5925925925925926 0.0026041666666666518 0.007407407407407381
0 0.5828125 0.6287037037037037 0.002083333333333304 0.00370370370370373
