0 0.8783854166666666 0.029629629629629627 0.0046875 0.005555555555555556
0 0.16276041666666666 0.3731481481481481 0.003645833333333326 0.005555555555555556
0 0.1140625 0.4092592592592592 0.002083333333333326 0.00370370370370373
0 0.12473958333333332 0.39953703703703697 0.0026041666666666518 0.004629629629629603
0 0.14973958333333331 0.3814814814814814 0.0026041666666666518 0.00370370370370373
0 0.2453125 0.3101851851851852 0.003125 0.005555555555555556
0 0.2328125 0.32222222222222224 0.002083333333333348 0.005555555555555556
0 0.2184895833333333 0.3314814814814815 0.0015625 0.005555555555555556
0 0.19114583333333332 0.35462962962962963 0.003125 0.005555555555555556
0 0.1765625 0.362037037037037 0.003125 0.005555555555555556
0 0.2765625 0.2898148148148148 0.004166666666666652 0.00370370370370373
0 0.36354166666666665 0.2435185185185185 0.004166666666666696 0.005555555555555556
0 0.4197916666666666 0.22453703703703703 0.002083333333333304 0.006481481481481508
0 0.4541666666666666 0.2148148148148148 0.003125 0.00370370370370373
0 0.5653645833333333 0.1810185185185185 0.0026041666666666075 0.004629629629629642
0 0.6510416666666666 0.14722222222222223 0.0052083333333333036 0.005555555555555556
0 0.6997395833333333 0.12546296296296294 0.0036458333333333924 0.004629629629629642
0 0.7541666666666667 0.09537037037037036 0.004166666666666696 0.0037037037037037104
0 0.81171875 0.06666666666666667 0.0026041666666666075 0.0037037037037037004
0 0.19713541666666665 0.04814814814814815 0.0046875 0.005555555555555556
