0 0.06927083333333332 0.08564814814814814 0.003125 0.006481481481481488
0 0.5859375 0.3856481481481481 0.0052083333333333036 0.006481481481481508
0 0.64921875 0.2134259259259259 0.0026041666666666964 0.004629629629629603
0 0.12395833333333332 0.39120370370370366 0.003125 0.006481481481481508
0 0.17161458333333332 0.18888888888888888 0.0026041666666666518 0.005555555555555556
0 0.38307291666666665 0.05879629629629629 0.0026041666666666964 0.004629629629629633
0 0.3716145833333333 0.06388888888888888 0.0026041666666666518 0.005555555555555556
0 0.35494791666666664 0.06805555555555555 0.0026041666666666964 0.004629629629629633
0 0.32578125 0.07916666666666666 0.0026041666666666518 0.004629629629629633
0 0.3611979166666667 0.1907407407407407 0.0026041666666666964 0.0037037037037036904
0 0.39166666666666666 0.18611111111111112 0.002083333333333304 0.005555555555555556
0 0.31979166666666664 0.14212962962962963 0.002083333333333304 0.004629629629629642
0 0.1296875 0.17083333333333334 0.003125 0.006481481481481488
0 0.14427083333333332 0.1796296296296296 0.003125 0.005555555555555536
0 0.6684895833333333 0.40648148148148144 0.0026041666666666075 0.005555555555555556
0 0.6734375 0.4060185185185185 0.003125 0.004629629629629682
0 0.6854166666666666 0.4037037037037037 0.002083333333333304 0.005555555555555556
0 0.6971354166666666 0.4013888888888889 0.0026041666666666964 0.006481481481481508
0 0.4747395833333333 0.4861111111111111 0.0026041666666666075 0.005555555555555556
0 0.4721354166666666 0.4861111111111111 0.0026041666666666964 0.005555555555555556
0 0.46796875 0.4875 0.0026041666666666964 0.004629629629629603
0 0.4622395833333333 0.48796296296296293 0.0026041666666666075 0.005555555555555556
0 0.4565104166666666 0.49027777777777776 0.0026041666666666964 0.004629629629629603
0 0.4497395833333333 0.49120370370370364 0.0026041666666666075 0.004629629629629603
