0 0.8239583333333332 0.6560185185185184 0.003125 0.004629629629629682
0 0.03411458333333333 0.6069444444444444 0.0078125 0.006481481481481508
0 0.5291666666666666 0.5814814814814814 0.004166666666666696 0.00370370370370373
0 0.17734375 0.5833333333333334 0.003645833333333326 0.007407407407407381
0 0.2947916666666667 0.5736111111111111 0.0052083333333333036 0.006481481481481508
0 0.05963541666666666 0.537037037037037 0.0046875 0.005555555555555556
0 0.6786458333333333 0.46805555555555556 0.0020833333333333927 0.004629629629629603
0 0.77109375 0.44305555555555554 0.0026041666666666964 0.004629629629629603
0 0.7635416666666666 0.4296296296296296 0.002083333333333304 0.003703703703703651
0 0.68984375 0.6694444444444444 0.003645833333333304 0.005555555555555556
