0 0.5596354166666666 0.6231481481481481 0.0046875 0.005555555555555556
0 0.4903645833333333 0.6055555555555555 0.0036458333333333924 0.00370370370370373
0 0.81796875 0.4962962962962963 0.0036458333333333924 0.003703703703703651
0 0.5984375 0.5388888888888889 0.004166666666666696 0.005555555555555556
0 0.5473958333333333 0.55 0.00625 0.009259259259259285
0 0.4041666666666666 0.5833333333333334 0.0052083333333333036 0.007407407407407381
0 0.4286458333333333 0.5921296296296296 0.004166666666666608 0.004629629629629682
0 0.3703125 0.5837962962962963 0.005208333333333348 0.004629629629629682
0 0.27421875 0.5759259259259258 0.0046875 0.005555555555555556
0 0.19166666666666665 0.5578703703703703 0.004166666666666674 0.006481481481481508
0 0.1453125 0.5546296296296296 0.004166666666666674 0.00740740740740746
0 0.10052083333333332 0.5462962962962963 0.004166666666666652 0.005555555555555556
0 0.053385416666666664 0.5407407407407407 0.003645833333333326 0.005555555555555556
