0 0.8645833333333333 0.006481481481481482 0.00625 0.00925925925925926
0 0.8359375 0.6324074074074074 0.0020833333333333927 0.003703703703703651
0 0.8395833333333332 0.6375 0.0020833333333333927 0.004629629629629603
0 0.8447916666666666 0.6398148148148147 0.002083333333333215 0.00370370370370373
0 0.8546875 0.6486111111111111 0.0020833333333333927 0.004629629629629603
0 0.8598958333333332 0.6532407407407407 0.0020833333333333927 0.002777777777777778
0 0.90859375 0.5685185185185185 0.0015625 0.003703703703703651
0 0.92109375 0.5416666666666666 0.0015625 0.00370370370370373
0 0.92421875 0.5435185185185185 0.0015625 0.003703703703703651
0 0.9291666666666666 0.5421296296296296 0.002083333333333215 0.002777777777777778
0 0.9348958333333333 0.5648148148148148 0.0020833333333333927 0.00370370370370373
0 0.9723958333333332 0.5504629629629629 0.0020833333333333927 0.004629629629629682
0 0.9979166666666666 0.5430555555555555 0.002083333333333215 0.002777777777777778
