0 0.27291666666666664 0.574537037037037 0.004166666666666696 0.006481481481481508
0 0.7036458333333333 0.5162037037037036 0.005208333333333393 0.006481481481481508
0 0.5979166666666667 0.5393518518518519 0.004166666666666696 0.006481481481481429
0 0.5471354166666667 0.55 0.005729166666666697 0.007407407407407381
0 0.4955729166666666 0.5587962962962962 0.0026041666666666964 0.004629629629629682
0 0.40546875 0.5828703703703704 0.005729166666666697 0.006481481481481508
0 0.3247395833333333 0.6064814814814814 0.0046875 0.005555555555555556
0 0.10104166666666665 0.5476851851851852 0.005208333333333326 0.006481481481481429
0 0.14661458333333333 0.5555555555555556 0.003645833333333348 0.005555555555555556
0 0.23177083333333331 0.5680555555555555 0.004166666666666652 0.006481481481481508
0 0.19088541666666664 0.5578703703703703 0.003645833333333326 0.006481481481481508
0 0.05364583333333332 0.5412037037037036 0.003125 0.006481481481481508
