0 0.9911458333333332 0.5416666666666666 0.0020833333333333927 0.00370370370370373
0 0.97421875 0.5444444444444444 0.0026041666666666075 0.00370370370370373
0 0.9479166666666666 0.5462962962962963 0.002083333333333215 0.003703703703703651
0 0.9390625 0.5495370370370369 0.0020833333333333927 0.004629629629629603
0 0.9247395833333332 0.5495370370370369 0.0026041666666666075 0.004629629629629603
0 0.9166666666666666 0.5504629629629629 0.002083333333333215 0.004629629629629682
0 0.9010416666666666 0.5675925925925925 0.002083333333333215 0.00370370370370373
0 0.8859375 0.5726851851851852 0.0020833333333333927 0.004629629629629682
0 0.8671875 0.5805555555555556 0.0020833333333333927 0.00370370370370373
0 0.78671875 0.6055555555555555 0.0026041666666666964 0.00370370370370373
0 0.7591145833333333 0.6157407407407407 0.0026041666666666075 0.003703703703703651
0 0.7447916666666666 0.6189814814814815 0.002083333333333304 0.004629629629629603
0 0.7609375 0.6712962962962963 0.002083333333333304 0.003703703703703651
0 0.7528645833333333 0.6685185185185185 0.0026041666666666075 0.003703703703703651
0 0.7473958333333333 0.6675925925925925 0.0020833333333333927 0.00370370370370373
0 0.7411458333333333 0.6648148148148147 0.0020833333333333927 0.00370370370370373
0 0.7359375 0.6634259259259259 0.002083333333333304 0.004629629629629603
0 0.7296875 0.6615740740740741 0.002083333333333304 0.004629629629629682
0 0.7229166666666667 0.6592592592592592 0.002083333333333304 0.00370370370370373
0 0.7166666666666666 0.6592592592592592 0.002083333333333304 0.00370370370370373
0 0.7091145833333333 0.6574074074074073 0.0015625 0.003703703703703651
0 0.7015625 0.6564814814814814 0.002083333333333304 0.00370370370370373
0 0.6934895833333333 0.6560185185185184 0.0026041666666666075 0.004629629629629682
0 0.7041666666666666 0.6296296296296297 0.002083333333333304 0.003703703703703651
0 0.68984375 0.6305555555555555 0.0015625 0.00370370370370373
0 0.6760416666666667 0.6305555555555555 0.002083333333333304 0.00370370370370373
0 0.6497395833333333 0.6342592592592592 0.0015625 0.00370370370370373
0 0.6372395833333333 0.637037037037037 0.0026041666666666075 0.005555555555555556
0 0.6229166666666666 0.6375 0.002083333333333304 0.004629629629629603
0 0.63046875 0.6236111111111111 0.0015625 0.004629629629629603
0 0.6229166666666666 0.6226851851851851 0.002083333333333304 0.004629629629629682
0 0.6135416666666667 0.6226851851851851 0.002083333333333304 0.004629629629629682
0 0.6041666666666666 0.6231481481481481 0.002083333333333304 0.005555555555555556
0 0.57734375 0.624537037037037 0.0026041666666666964 0.004629629629629603
0 0.5684895833333333 0.624074074074074 0.0026041666666666075 0.005555555555555556
0 0.5330729166666666 0.6268518518518518 0.0026041666666666964 0.003703703703703651
0 0.5234375 0.6277777777777778 0.002083333333333304 0.00370370370370373
0 0.5135416666666666 0.6287037037037037 0.002083333333333304 0.00370370370370373
0 0.4966145833333333 0.6287037037037037 0.0015625 0.00370370370370373
0 0.4872395833333333 0.6287037037037037 0.0026041666666666075 0.00370370370370373
0 0.4684895833333333 0.6287037037037037 0.0026041666666666075 0.00370370370370373
0 0.44791666666666663 0.6287037037037037 0.002083333333333304 0.00370370370370373
0 0.4390625 0.6277777777777778 0.002083333333333304 0.00370370370370373
0 0.4286458333333333 0.6268518518518518 0.0020833333333333927 0.003703703703703651
0 0.4192708333333333 0.6268518518518518 0.0020833333333333927 0.003703703703703651
0 0.39479166666666665 0.610648148148148 0.002083333333333304 0.004629629629629603
0 0.06536458333333332 0.5916666666666667 0.0015625 0.00370370370370373
0 0.12786458333333334 0.5564814814814815 0.0026041666666666518 0.00370370370370373
0 0.09479166666666666 0.6300925925925925 0.002083333333333326 0.004629629629629603
0 0.09036458333333333 0.6333333333333333 0.0015625 0.00370370370370373
0 0.08854166666666666 0.6324074074074074 0.002083333333333326 0.003703703703703651
0 0.07734375 0.6333333333333333 0.002604166666666663 0.00370370370370373
0 0.051041666666666666 0.637962962962963 0.005208333333333326 0.005555555555555556
0 0.28854166666666664 0.37407407407407406 0.004166666666666696 0.00740740740740746
0 0.04479166666666666 0.3703703703703703 0.0020833333333333316 0.00370370370370373
0 0.04739583333333333 0.37546296296296294 0.002083333333333337 0.004629629629629682
0 0.05182291666666666 0.37777777777777777 0.002604166666666674 0.00370370370370373
0 0.06223958333333333 0.374537037037037 0.002604166666666663 0.004629629629629603
0 0.0421875 0.2185185185185185 0.0020833333333333316 0.0037037037037036904
