0 0.7005208333333333 0.6745370370370369 0.0020833333333333927 0.004629629629629603
0 0.8447916666666666 0.6226851851851851 0.002083333333333215 0.004629629629629682
0 0.9484375 0.5462962962962963 0.0020833333333333927 0.003703703703703651
0 0.9684895833333332 0.6083333333333333 0.0026041666666666075 0.00370370370370373
0 0.9903645833333332 0.18379629629629626 0.0026041666666666075 0.004629629629629642
0 0.7515625 0.2435185185185185 0.003125 0.007407407407407421
0 0.58359375 0.45555555555555555 0.0026041666666666964 0.00370370370370373
0 0.5583333333333333 0.45555555555555555 0.0020833333333333927 0.00370370370370373
0 0.5505208333333333 0.45555555555555555 0.0020833333333333927 0.00370370370370373
0 0.5421875 0.4574074074074074 0.002083333333333304 0.003703703703703651
0 0.53359375 0.4583333333333333 0.0015625 0.00370370370370373
0 0.5171875 0.4592592592592592 0.002083333333333304 0.00370370370370373
0 0.50859375 0.461574074074074 0.0015625 0.004629629629629682
0 0.49296875 0.46342592592592585 0.0015625 0.004629629629629603
0 0.4854166666666666 0.4666666666666667 0.002083333333333304 0.00370370370370373
0 0.4684895833333333 0.46805555555555556 0.0026041666666666075 0.004629629629629603
0 0.44609375 0.47129629629629627 0.0015625 0.003703703703703651
0 0.4234375 0.4777777777777778 0.002083333333333304 0.00370370370370373
0 0.40859375 0.4824074074074074 0.0015625 0.003703703703703651
0 0.40234375 0.4856481481481481 0.0015625 0.004629629629629603
