0 0.6903645833333333 0.5175925925925925 0.0026041666666666075 0.00370370370370373
0 0.60234375 0.6625 0.0026041666666666964 0.004629629629629603
0 0.3091145833333333 0.5736111111111111 0.0026041666666666518 0.004629629629629603
0 0.20234375 0.55 0.0026041666666666518 0.005555555555555556
0 0.22109375 0.5537037037037037 0.0015625 0.00370370370370373
0 0.1515625 0.6268518518518518 0.002083333333333326 0.003703703703703651
0 0.10807291666666666 0.6027777777777777 0.002604166666666674 0.00370370370370373
0 0.09609375 0.574537037037037 0.0015625 0.004629629629629603
0 0.12291666666666665 0.3333333333333333 0.002083333333333326 0.0037037037037036904
0 0.1296875 0.33055555555555555 0.002083333333333326 0.0037037037037036904
0 0.13359375 0.336574074074074 0.0015625 0.004629629629629642
0 0.7692708333333333 0.36944444444444446 0.0020833333333333927 0.00370370370370373
0 0.7630208333333333 0.36666666666666664 0.0020833333333333927 0.00370370370370373
0 0.74921875 0.35555555555555557 0.0015625 0.0037037037037036904
0 0.73671875 0.3486111111111111 0.0015625 0.004629629629629642
0 0.7296875 0.34398148148148144 0.002083333333333304 0.004629629629629603
0 0.7236979166666666 0.3416666666666667 0.0026041666666666964 0.0037037037037036904
0 0.71796875 0.33564814814814814 0.0015625 0.004629629629629603
