0 0.8309895833333332 0.5259259259259259 0.0036458333333333924 0.007407407407407381
0 0.6934895833333333 0.5944444444444444 0.0015625 0.00370370370370373
0 0.6861979166666666 0.5944444444444444 0.0026041666666666964 0.00370370370370373
0 0.6778645833333333 0.5953703703703703 0.0026041666666666075 0.00370370370370373
0 0.67109375 0.5962962962962963 0.0026041666666666964 0.003703703703703651
0 0.6528645833333333 0.5986111111111111 0.0026041666666666075 0.004629629629629603
0 0.6434895833333333 0.600462962962963 0.0015625 0.004629629629629682
0 0.6265625 0.6023148148148147 0.002083333333333304 0.004629629629629603
0 0.6158854166666666 0.6027777777777777 0.0026041666666666964 0.00370370370370373
0 0.3234375 0.5662037037037037 0.002083333333333348 0.004629629629629603
0 0.30494791666666665 0.5657407407407408 0.0026041666666666964 0.003703703703703651
0 0.29401041666666666 0.5662037037037037 0.0026041666666666964 0.004629629629629603
0 0.2841145833333333 0.5657407407407408 0.0015625 0.003703703703703651
0 0.26276041666666666 0.5648148148148148 0.0015625 0.00370370370370373
0 0.2518229166666667 0.5638888888888889 0.0026041666666666964 0.005555555555555556
0 0.1296875 0.6314814814814814 0.002083333333333326 0.00370370370370373
0 0.1484375 0.5953703703703703 0.002083333333333326 0.00370370370370373
0 0.05833333333333333 0.611574074074074 0.002083333333333337 0.004629629629629682
0 0.0421875 0.6546296296296296 0.0020833333333333316 0.003703703703703651
0 0.06276041666666667 0.6833333333333333 0.0015625 0.00370370370370373
0 0.0140625 0.6092592592592592 0.002083333333333334 0.00370370370370373
0 0.05052083333333333 0.6162037037037037 0.002083333333333337 0.004629629629629603
0 0.12786458333333334 0.3101851851851852 0.0015625 0.005555555555555556
0 0.1328125 0.30833333333333335 0.002083333333333326 0.0037037037037036904
0 0.1484375 0.3185185185185185 0.002083333333333326 0.0037037037037036904
0 0.08098958333333332 0.1685185185185185 0.0015625 0.0037037037037036904
0 0.06979166666666667 0.16574074074074074 0.002083333333333326 0.0037037037037036904
0 0.0578125 0.16157407407407406 0.002083333333333337 0.004629629629629642
0 0.09296875 0.17083333333333334 0.003645833333333337 0.004629629629629623
