0 0.2567708333333333 0.5444444444444444 0.002083333333333348 0.0018518518518518255
0 0.28359375 0.6504629629629629 0.0015625 0.0009259259259258733
0 0.403125 0.5268518518518518 0.003125 0.003703703703703651
0 0.4354166666666666 0.5398148148148147 0.003125 0.00370370370370373
0 0.4528645833333333 0.5486111111111112 0.0026041666666666075 0.004629629629629603
0 0.4703125 0.5560185185185185 0.004166666666666696 0.006481481481481429
0 0.503125 0.5662037037037037 0.003125 0.004629629629629603
0 0.51796875 0.574537037037037 0.0015625 0.006481481481481508
0 0.5684895833333333 0.5884259259259259 0.0036458333333333924 0.006481481481481508
0 0.5809895833333333 0.5930555555555556 0.0026041666666666075 0.002777777777777778
0 0.59921875 0.5967592592592592 0.003645833333333304 0.006481481481481508
0 0.6135416666666667 0.6009259259259259 0.003125 0.005555555555555556
0 0.6299479166666666 0.6009259259259259 0.0026041666666666964 0.005555555555555556
0 0.7174479166666666 0.6069444444444444 0.003645833333333304 0.006481481481481508
0 0.20234375 0.2625 0.0046875 0.006481481481481468
