0 0.9015625 0.5675925925925925 0.0020833333333333927 0.00370370370370373
0 0.8859375 0.5726851851851852 0.0020833333333333927 0.004629629629629682
0 0.8765625 0.5768518518518518 0.0020833333333333927 0.003703703703703651
0 0.41666666666666663 0.47268518518518515 0.004166666666666696 0.010185185185185238
0 0.6309895833333333 0.6236111111111111 0.0015625 0.004629629629629603
0 0.6221354166666666 0.6226851851851851 0.0026041666666666964 0.004629629629629682
0 0.6135416666666667 0.6226851851851851 0.002083333333333304 0.004629629629629682
0 0.6046875 0.6226851851851851 0.002083333333333304 0.004629629629629682
0 0.4260416666666666 0.6722222222222223 0.002083333333333304 0.00370370370370373
0 0.04791666666666666 0.6356481481481481 0.0020833333333333316 0.004629629629629603
0 0.0546875 0.5935185185185184 0.002083333333333337 0.003703703703703651
0 0.09739583333333332 0.6268518518518518 0.002083333333333337 0.003703703703703651
0 0.1109375 0.5657407407407408 0.002083333333333326 0.003703703703703651
0 0.06901041666666666 0.36851851851851847 0.002604166666666674 0.003703703703703651
0 0.07161458333333333 0.3625 0.002604166666666663 0.004629629629629603
0 0.07552083333333333 0.36944444444444446 0.002083333333333337 0.00370370370370373
