0 0.54609375 0.4152777777777778 0.0015625 0.004629629629629603
0 0.6640625 0.0537037037037037 0.00625 0.012962962962962956
0 0.5385416666666666 0.6074074074074074 0.002083333333333304 0.003703703703703651
0 0.5184895833333333 0.6055555555555555 0.0026041666666666075 0.005555555555555556
0 0.5091145833333333 0.6060185185185185 0.0026041666666666075 0.004629629629629682
0 0.49479166666666663 0.5722222222222222 0.002083333333333304 0.005555555555555556
0 0.49453125 0.42870370370370364 0.0026041666666666964 0.00370370370370373
0 0.5072916666666666 0.4236111111111111 0.002083333333333304 0.004629629629629603
0 0.5166666666666666 0.4222222222222222 0.002083333333333304 0.005555555555555556
0 0.5203125 0.42268518518518516 0.003125 0.006481481481481429
0 0.5127604166666666 0.274074074074074 0.0046875 0.005555555555555556
0 0.6122395833333333 0.1560185185185185 0.0046875 0.006481481481481468
0 0.62421875 0.14074074074074072 0.0046875 0.0037037037037036904
0 0.62421875 0.13194444444444445 0.0026041666666666964 0.004629629629629623
