0 0.9911458333333332 0.5425925925925925 0.0020833333333333927 0.00370370370370373
0 0.97421875 0.5453703703703703 0.0015625 0.00370370370370373
0 0.9645833333333332 0.5472222222222223 0.0020833333333333927 0.00370370370370373
0 0.9565104166666666 0.5462962962962963 0.002604166666666785 0.003703703703703651
0 0.9015625 0.5685185185185185 0.0020833333333333927 0.003703703703703651
0 0.8859375 0.5726851851851852 0.0020833333333333927 0.004629629629629682
0 0.8674479166666667 0.5805555555555556 0.002604166666666785 0.00370370370370373
0 0.7854166666666667 0.6055555555555555 0.002083333333333304 0.00370370370370373
0 0.7598958333333333 0.6162037037037037 0.0020833333333333927 0.004629629629629603
0 0.7455729166666666 0.6194444444444445 0.0026041666666666964 0.00370370370370373
0 0.7604166666666666 0.6712962962962963 0.002083333333333304 0.003703703703703651
0 0.7533854166666666 0.6689814814814814 0.0026041666666666964 0.004629629629629603
0 0.7466145833333333 0.6675925925925925 0.0026041666666666075 0.00370370370370373
0 0.7411458333333333 0.6666666666666666 0.0020833333333333927 0.00370370370370373
0 0.7359375 0.6625 0.002083333333333304 0.004629629629629603
0 0.7291666666666666 0.6615740740740741 0.002083333333333304 0.004629629629629682
0 0.7046875 0.6296296296296297 0.002083333333333304 0.003703703703703651
0 0.68984375 0.6305555555555555 0.0015625 0.00370370370370373
0 0.63046875 0.6236111111111111 0.0026041666666666964 0.004629629629629603
0 0.6216145833333333 0.6231481481481481 0.0026041666666666075 0.005555555555555556
0 0.6130208333333333 0.6236111111111111 0.0020833333333333927 0.004629629629629603
0 0.6041666666666666 0.6226851851851851 0.002083333333333304 0.004629629629629682
0 0.57734375 0.6254629629629629 0.0015625 0.004629629629629682
0 0.56796875 0.6254629629629629 0.0015625 0.004629629629629682
0 0.5328125 0.6268518518518518 0.002083333333333304 0.003703703703703651
0 0.5234375 0.6268518518518518 0.002083333333333304 0.003703703703703651
0 0.5143229166666666 0.6296296296296297 0.0026041666666666964 0.003703703703703651
0 0.4966145833333333 0.6287037037037037 0.0015625 0.00370370370370373
0 0.4859375 0.6296296296296297 0.002083333333333304 0.003703703703703651
0 0.46796875 0.6287037037037037 0.0015625 0.00370370370370373
0 0.3934895833333333 0.6287037037037037 0.0026041666666666518 0.00370370370370373
0 0.08098958333333332 0.6337962962962963 0.002604166666666663 0.004629629629629682
0 0.06536458333333332 0.5925925925925926 0.0015625 0.00370370370370373
0 0.1203125 0.5574074074074074 0.002083333333333326 0.003703703703703651
0 0.09401041666666667 0.6305555555555555 0.002604166666666674 0.00370370370370373
0 0.0515625 0.6375 0.005208333333333331 0.006481481481481508
0 0.32291666666666663 0.39305555555555555 0.004166666666666696 0.004629629629629603
0 0.051041666666666666 0.36851851851851847 0.002083333333333326 0.003703703703703651
0 0.05234375 0.3736111111111111 0.0015625 0.004629629629629603
0 0.057291666666666664 0.3768518518518518 0.002083333333333326 0.003703703703703651
0 0.06223958333333333 0.374537037037037 0.002604166666666663 0.004629629629629603
