0 0.1171875 0.12407407407407407 0.00625 0.014814814814814802
0 0.08984375 0.06944444444444445 0.0015625 0.0037037037037037004
0 0.2466145833333333 0.4074074074074074 0.0015625 0.003703703703703651
0 0.26484375 0.39953703703703697 0.0015625 0.004629629629629603
0 0.22916666666666666 0.3634259259259259 0.002083333333333304 0.004629629629629603
0 0.2234375 0.34953703703703703 0.002083333333333348 0.004629629629629603
0 0.4546875 0.6541666666666667 0.002083333333333304 0.002777777777777778
0 0.4846354166666666 0.6157407407407407 0.0015625 0.003703703703703651
0 0.5434895833333333 0.6365740740740741 0.0015625 0.004629629629629682
0 0.5846354166666666 0.5787037037037036 0.0026041666666666964 0.00370370370370373
0 0.5880208333333333 0.5787037037037036 0.0020833333333333927 0.00370370370370373
0 0.5872395833333333 0.5648148148148148 0.0015625 0.00370370370370373
0 0.77421875 0.16666666666666666 0.0026041666666666964 0.0037037037037037104
0 0.9697916666666666 0.15555555555555556 0.002083333333333215 0.0037037037037037104
0 0.9979166666666666 0.15648148148148147 0.002083333333333215 0.0037037037037037104
