0 0.26171875 0.2787037037037037 0.0046875 0.007407407407407381
0 0.4703125 0.3435185185185185 0.002083333333333304 0.0037037037037036904
0 0.4916666666666666 0.3375 0.003125 0.004629629629629642
0 0.5153645833333333 0.3842592592592592 0.0036458333333333924 0.009259259259259285
0 0.56640625 0.45046296296296295 0.0026041666666666964 0.004629629629629682
0 0.5666666666666667 0.4574074074074074 0.002083333333333304 0.003703703703703651
0 0.5841145833333333 0.4597222222222222 0.0026041666666666075 0.006481481481481508
0 0.6122395833333333 0.46574074074074073 0.0026041666666666075 0.003703703703703651
0 0.6291666666666667 0.37870370370370365 0.002083333333333304 0.00370370370370373
0 0.6393229166666666 0.3726851851851852 0.003645833333333304 0.004629629629629682
0 0.4630208333333333 0.5324074074074073 0.0020833333333333927 0.003703703703703651
0 0.4690104166666666 0.5310185185185184 0.0026041666666666964 0.004629629629629682
0 0.8611979166666666 0.4578703703703703 0.002604166666666785 0.004629629629629603
0 0.7940104166666666 0.4560185185185185 0.0026041666666666964 0.004629629629629682
