0 0.7315104166666666 0.24953703703703703 0.0026041666666666964 0.004629629629629603
0 0.9002604166666666 0.24074074074074073 0.002604166666666785 0.0037037037037036904
0 0.9697916666666666 0.17083333333333334 0.003125 0.008333333333333333
0 0.9486979166666666 0.5458333333333333 0.002604166666666785 0.004629629629629603
0 0.96171875 0.424537037037037 0.0026041666666666075 0.004629629629629603
0 0.97421875 0.4212962962962963 0.0015625 0.003703703703703651
0 0.9690104166666667 0.6074074074074074 0.002604166666666785 0.003703703703703651
0 0.9002604166666666 0.611574074074074 0.002604166666666785 0.004629629629629682
0 0.8791666666666667 0.6134259259259258 0.002083333333333215 0.004629629629629603
0 0.8598958333333332 0.6157407407407407 0.0020833333333333927 0.003703703703703651
0 0.8447916666666666 0.6222222222222222 0.002083333333333215 0.005555555555555556
0 0.6473958333333333 0.5685185185185185 0.0020833333333333927 0.003703703703703651
0 0.58359375 0.4560185185185185 0.0015625 0.004629629629629682
0 0.5583333333333333 0.45555555555555555 0.0020833333333333927 0.00370370370370373
0 0.5497395833333333 0.45555555555555555 0.0015625 0.00370370370370373
0 0.5421875 0.4574074074074074 0.002083333333333304 0.003703703703703651
0 0.5341145833333333 0.4574074074074074 0.0026041666666666075 0.003703703703703651
0 0.5166666666666666 0.4592592592592592 0.002083333333333304 0.00370370370370373
0 0.5091145833333333 0.4625 0.0026041666666666075 0.004629629629629603
0 0.49296875 0.46342592592592585 0.0015625 0.004629629629629603
0 0.4846354166666666 0.4666666666666667 0.0015625 0.00370370370370373
0 0.4690104166666666 0.4685185185185185 0.0026041666666666964 0.003703703703703651
0 0.4466145833333333 0.47268518518518515 0.0026041666666666075 0.004629629629629682
0 0.4229166666666666 0.47870370370370363 0.002083333333333304 0.00370370370370373
0 0.40859375 0.48333333333333334 0.0015625 0.00370370370370373
0 0.40234375 0.4856481481481481 0.0015625 0.004629629629629603
0 0.3817708333333333 0.49351851851851847 0.002083333333333348 0.003703703703703651
0 0.36796875 0.4986111111111111 0.0015625 0.004629629629629603
0 0.36171875 0.5004629629629629 0.0026041666666666518 0.004629629629629682
