0 0.015625 0.1597222222222222 0.00625 0.006481481481481488
0 0.4247395833333333 0.6754629629629629 0.0036458333333333924 0.004629629629629682
0 0.4265625 0.6277777777777778 0.002083333333333304 0.00370370370370373
0 0.17109375 0.4703703703703703 0.0015625 0.00370370370370373
0 0.2247395833333333 0.18194444444444444 0.003645833333333348 0.004629629629629642
0 0.0578125 0.5898148148148148 0.004166666666666663 0.00370370370370373
0 0.07786458333333332 0.5986111111111111 0.0046875 0.006481481481481508
0 0.14661458333333333 0.6171296296296296 0.0026041666666666518 0.010185185185185238
0 0.18307291666666664 0.6231481481481481 0.002604166666666674 0.005555555555555556
0 0.19921875 0.6305555555555555 0.003645833333333326 0.005555555555555556
0 0.21588541666666666 0.6333333333333333 0.0026041666666666964 0.005555555555555556
0 0.23151041666666666 0.637962962962963 0.003645833333333304 0.005555555555555556
0 0.24921875 0.6421296296296296 0.0046875 0.004629629629629682
0 0.27734375 0.6532407407407407 0.0046875 0.004629629629629682
0 0.29166666666666663 0.6560185185185184 0.003125 0.006481481481481429
