0 0.4690104166666666 0.6166666666666667 0.006770833333333304 0.009259259259259285
0 0.5109375 0.6101851851851852 0.004166666666666696 0.00740740740740746
0 0.3966145833333333 0.6 0.0046875 0.009259259259259285
0 0.4760416666666666 0.5935185185185184 0.007291666666666696 0.011111111111111112
0 0.5192708333333333 0.5884259259259259 0.005208333333333393 0.008333333333333333
0 0.4705729166666666 0.6342592592592592 0.005729166666666697 0.009259259259259285
0 0.4546875 0.625 0.0052083333333333036 0.005555555555555556
0 0.4458333333333333 0.6254629629629629 0.007291666666666608 0.008333333333333333
0 0.43671875 0.6037037037037036 0.006770833333333304 0.011111111111111112
0 0.4416666666666666 0.6069444444444444 0.0052083333333333036 0.010185185185185158
0 0.4466145833333333 0.6120370370370369 0.0078125 0.007407407407407381
0 0.4328125 0.6259259259259259 0.0052083333333333036 0.007407407407407381
0 0.4184895833333333 0.6435185185185185 0.0067708333333333925 0.009259259259259207
0 0.4109375 0.6212962962962962 0.007291666666666696 0.011111111111111112
0 0.40104166666666663 0.6268518518518518 0.007291666666666696 0.009259259259259207
0 0.37109375 0.6537037037037037 0.0046875 0.005555555555555556
0 0.29713541666666665 0.6523148148148148 0.008854166666666696 0.008333333333333333
0 0.259375 0.6421296296296296 0.00625 0.008333333333333333
