0 0.17161458333333332 0.5708333333333333 0.0109375 0.012037037037037063
0 0.11744791666666665 0.5537037037037037 0.013020833333333325 0.012962962962962937
0 0.0421875 0.5791666666666667 0.01145833333333333 0.012037037037037063
0 0.028125 0.5541666666666667 0.0125 0.012037037037037063
0 0.03984375 0.4837962962962963 0.009895833333333331 0.01759259259259254
0 0.020572916666666666 0.4731481481481481 0.015104166666666669 0.025925925925925953
0 0.026041666666666664 0.5037037037037037 0.009374999999999998 0.022222222222222223
0 0.00546875 0.5504629629629629 0.009895833333333333 0.012037037037036985
0 0.005989583333333333 0.5726851851851852 0.0078125 0.012037037037036985
0 0.00234375 0.5638888888888889 0.0046875 0.007407407407407381
