0 0.3473958333333333 0.574537037037037 0.007291666666666652 0.019444444444444445
0 0.3309895833333333 0.5782407407407407 0.0109375 0.01759259259259254
0 0.26432291666666663 0.5592592592592592 0.008854166666666696 0.014814814814814841
0 0.24791666666666665 0.6064814814814814 0.007291666666666696 0.011111111111111112
0 0.2359375 0.5967592592592592 0.007291666666666652 0.015740740740740715
0 0.2309895833333333 0.562037037037037 0.008854166666666653 0.014814814814814841
0 0.22421875 0.5388888888888889 0.0078125 0.012962962962962937
0 0.2171875 0.5282407407407407 0.011458333333333348 0.013888888888888888
0 0.2059895833333333 0.6060185185185185 0.0078125 0.013888888888888888
0 0.18177083333333333 0.5657407407407408 0.009375 0.016666666666666666
0 0.1765625 0.5800925925925925 0.008333333333333326 0.013888888888888888
0 0.16354166666666664 0.5648148148148148 0.010416666666666675 0.012962962962962937
0 0.16223958333333333 0.5935185185185184 0.0078125 0.01851851851851857
0 0.14895833333333333 0.5791666666666667 0.009375 0.015740740740740715
0 0.14036458333333332 0.6046296296296296 0.008854166666666653 0.011111111111111112
0 0.10104166666666665 0.5736111111111111 0.00937499999999999 0.008333333333333333
0 0.051041666666666666 0.5842592592592593 0.004166666666666668 0.011111111111111112
