0 0.49609375 0.6018518518518519 0.0078125 0.009259259259259207
0 0.4578125 0.5879629629629629 0.007291666666666696 0.009259259259259207
0 0.5059895833333333 0.5814814814814814 0.008854166666666607 0.011111111111111112
0 0.4559895833333333 0.6305555555555555 0.0078125 0.011111111111111112
0 0.4486979166666666 0.6041666666666666 0.008854166666666696 0.013888888888888888
0 0.4359375 0.6185185185185185 0.007291666666666696 0.011111111111111112
0 0.4171875 0.5902777777777778 0.008333333333333304 0.010185185185185158
0 0.41666666666666663 0.6087962962962963 0.007291666666666696 0.010185185185185238
0 0.4109375 0.6203703703703703 0.00625 0.009259259259259285
0 0.36276041666666664 0.5935185185185184 0.006770833333333304 0.011111111111111112
0 0.38046875 0.6148148148148148 0.0057291666666666515 0.005555555555555556
0 0.37109375 0.625 0.0046875 0.007407407407407381
0 0.3864583333333333 0.6407407407407407 0.00625 0.009259259259259207
0 0.3546875 0.6416666666666667 0.004166666666666652 0.007407407407407381
0 0.2411458333333333 0.6421296296296296 0.005208333333333348 0.008333333333333333
0 0.4265625 0.6185185185185185 0.007291666666666696 0.009259259259259207
0 0.2153645833333333 0.625 0.006770833333333348 0.007407407407407381
