0 0.18723958333333332 0.5680555555555555 0.0078125 0.02129629629629627
0 0.13776041666666666 0.562037037037037 0.013020833333333325 0.018518518518518493
0 0.06223958333333333 0.5819444444444445 0.011979166666666662 0.010185185185185158
0 0.046614583333333334 0.5643518518518518 0.011979166666666662 0.013888888888888888
0 0.05364583333333332 0.49351851851851847 0.010416666666666663 0.014814814814814762
0 0.04296875 0.48796296296296293 0.0140625 0.01851851851851857
0 0.041666666666666664 0.5106481481481481 0.010416666666666668 0.012037037037037063
0 0.0171875 0.5518518518518518 0.009375 0.01851851851851857
0 0.02109375 0.5810185185185185 0.0109375 0.015740740740740795
0 0.002864583333333333 0.5666666666666667 0.005729166666666666 0.011111111111111112
