0 0.35859375 0.5796296296296296 0.008854166666666653 0.011111111111111112
0 0.3434895833333333 0.5736111111111111 0.0078125 0.015740740740740715
0 0.2786458333333333 0.5699074074074074 0.009375 0.015740740740740795
0 0.2583333333333333 0.6129629629629629 0.009375 0.012962962962963016
0 0.24869791666666666 0.6032407407407407 0.005729166666666697 0.010185185185185238
0 0.24479166666666666 0.5587962962962962 0.009375 0.013888888888888888
0 0.21979166666666666 0.611574074074074 0.007291666666666696 0.008333333333333333
0 0.1973958333333333 0.5685185185185185 0.009374999999999977 0.011111111111111112
0 0.18776041666666665 0.5851851851851851 0.008854166666666673 0.012962962962963016
0 0.18098958333333331 0.5634259259259259 0.0109375 0.017592592592592618
0 0.17473958333333334 0.5958333333333333 0.0078125 0.019444444444444445
0 0.16171875 0.5879629629629629 0.0078125 0.012962962962963016
0 0.1546875 0.6027777777777777 0.008333333333333326 0.016666666666666666
0 0.11666666666666665 0.5773148148148147 0.010416666666666675 0.013888888888888888
0 0.05598958333333333 0.5819444444444445 0.0046875 0.010185185185185158
0 0.23541666666666666 0.5388888888888889 0.011458333333333303 0.018518518518518493
0 0.23541666666666666 0.5467592592592592 0.009375 0.015740740740740715
