0 0.4666666666666666 0.6152777777777778 0.007291666666666696 0.010185185185185158
0 0.5091145833333333 0.6083333333333333 0.005729166666666607 0.009259259259259285
0 0.3934895833333333 0.5949074074074073 0.0057291666666666515 0.008333333333333333
0 0.4734375 0.5939814814814814 0.007291666666666696 0.010185185185185158
0 0.5184895833333333 0.5861111111111111 0.0046875 0.009259259259259285
0 0.4690104166666666 0.6314814814814814 0.0078125 0.011111111111111112
0 0.4528645833333333 0.6231481481481481 0.005729166666666607 0.012962962962962937
0 0.4341145833333333 0.6027777777777777 0.0067708333333333925 0.011111111111111112
0 0.4393229166666666 0.6092592592592592 0.005729166666666697 0.012962962962962937
0 0.4421875 0.611574074074074 0.007291666666666696 0.006481481481481429
0 0.4442708333333333 0.6236111111111111 0.00625 0.012037037037037063
0 0.4309895833333333 0.6254629629629629 0.005729166666666607 0.012037037037036985
0 0.41484375 0.6435185185185185 0.006770833333333304 0.009259259259259207
0 0.4078125 0.6254629629629629 0.0052083333333333036 0.012037037037036985
0 0.39921874999999996 0.624537037037037 0.006770833333333304 0.008333333333333333
0 0.25416666666666665 0.637037037037037 0.009375 0.011111111111111112
0 0.28932291666666665 0.6486111111111111 0.005729166666666697 0.006481481481481508
0 0.36979166666666663 0.65 0.004166666666666696 0.009259259259259285
