0 0.3872395833333333 0.6185185185185185 0.0078125 0.009259259259259207
0 0.4377604166666666 0.6231481481481481 0.006770833333333304 0.011111111111111112
0 0.35494791666666664 0.6310185185185185 0.008854166666666696 0.012037037037036985
0 0.3505208333333333 0.6111111111111112 0.007291666666666652 0.007407407407407381
0 0.17421875 0.6083333333333333 0.0078125 0.011111111111111112
0 0.38671875 0.6027777777777777 0.0078125 0.009259259259259285
0 0.4809895833333333 0.5958333333333333 0.005729166666666607 0.010185185185185158
0 0.4234375 0.5967592592592592 0.007291666666666696 0.010185185185185158
0 0.3296875 0.5925925925925926 0.007291666666666652 0.012962962962962937
0 0.48984375 0.5824074074074074 0.0046875 0.005555555555555556
0 0.3953125 0.5796296296296296 0.007291666666666652 0.011111111111111112
0 0.4341145833333333 0.5810185185185185 0.0078125 0.010185185185185238
0 0.4153645833333333 0.6152777777777778 0.0078125 0.013888888888888888
0 0.4059895833333333 0.6175925925925926 0.0078125 0.012962962962962937
0 0.3416666666666667 0.6222222222222222 0.0052083333333333036 0.009259259259259285
0 0.33671875 0.6342592592592592 0.0057291666666666515 0.009259259259259285
