0 0.14609375 0.6157407407407407 0.0046875 0.00740740740740746
0 0.36979166666666663 0.6152777777777778 0.00625 0.012037037037037063
0 0.4046875 0.6055555555555555 0.004166666666666696 0.007407407407407381
0 0.2778645833333333 0.5912037037037037 0.0078125 0.008333333333333333
0 0.38151041666666663 0.5856481481481481 0.006770833333333304 0.006481481481481508
0 0.11302083333333332 0.586574074074074 0.010416666666666652 0.010185185185185238
0 0.359375 0.5712962962962963 0.00625 0.00740740740740746
0 0.3921875 0.5703703703703703 0.007291666666666652 0.012962962962962937
0 0.9908854166666666 0.29305555555555557 0.005729166666666785 0.004629629629629642
0 0.3497395833333333 0.6175925925925926 0.006770833333333348 0.009259259259259285
0 0.37994791666666666 0.6120370370370369 0.006770833333333304 0.007407407407407381
0 0.45234375 0.5935185185185184 0.009895833333333303 0.011111111111111112
0 0.46171875 0.5819444444444445 0.005729166666666697 0.006481481481481508
0 0.3403645833333333 0.5912037037037037 0.0078125 0.008333333333333333
0 0.3434895833333333 0.5930555555555556 0.008854166666666653 0.010185185185185158
0 0.31015625 0.6166666666666667 0.006770833333333348 0.007407407407407381
0 0.3028645833333333 0.6300925925925925 0.0057291666666666515 0.010185185185185158
0 0.2966145833333333 0.6222222222222222 0.006770833333333348 0.011111111111111112
0 0.30234375 0.6055555555555555 0.0078125 0.009259259259259285
