0 0.07421875 0.2013888888888889 0.002604166666666663 0.002777777777777778
0 0.07421875 0.2907407407407407 0.0015625 0.0037037037037036904
0 0.0765625 0.29768518518518516 0.002083333333333337 0.004629629629629642
0 0.0828125 0.29907407407407405 0.002083333333333337 0.0037037037037036904
0 0.08802083333333333 0.2967592592592592 0.002083333333333337 0.002777777777777778
0 0.08177083333333332 0.28703703703703703 0.002083333333333337 0.00370370370370373
0 0.08098958333333332 0.29305555555555557 0.0015625 0.002777777777777778
0 0.08671875 0.2796296296296296 0.0015625 0.0037037037037036904
0 0.0859375 0.28564814814814815 0.002083333333333337 0.004629629629629603
0 0.08489583333333332 0.29305555555555557 0.002083333333333337 0.002777777777777778
0 0.08776041666666666 0.2847222222222222 0.002604166666666674 0.002777777777777778
0 0.08723958333333333 0.29305555555555557 0.0015625 0.002777777777777778
