0 0.434375 0.6180555555555556 0.00625 0.008333333333333333
0 0.4091145833333333 0.6162037037037037 0.0078125 0.010185185185185158
0 0.34921875 0.6273148148148148 0.0078125 0.010185185185185158
0 0.34296875 0.6097222222222223 0.0078125 0.010185185185185158
0 0.1640625 0.6064814814814814 0.008333333333333326 0.012962962962962937
0 0.4002604166666666 0.6171296296296296 0.006770833333333304 0.008333333333333333
0 0.4765625 0.599537037037037 0.007291666666666696 0.008333333333333333
0 0.4174479166666666 0.5930555555555556 0.005729166666666697 0.006481481481481508
0 0.32291666666666663 0.5944444444444444 0.00625 0.009259259259259285
0 0.3317708333333333 0.6328703703703703 0.005208333333333348 0.008333333333333333
0 0.4861979166666666 0.5805555555555556 0.005729166666666697 0.007407407407407381
0 0.4291666666666666 0.5759259259259258 0.008333333333333304 0.007407407407407381
0 0.390625 0.5810185185185185 0.00625 0.008333333333333333
0 0.3817708333333333 0.6185185185185185 0.007291666666666652 0.009259259259259207
0 0.3802083333333333 0.5976851851851852 0.00625 0.006481481481481429
0 0.33541666666666664 0.6236111111111111 0.0052083333333333036 0.006481481481481508
0 0.3796875 0.6027777777777777 0.010416666666666652 0.005555555555555556
