0 0.0546875 0.5592592592592592 0.010416666666666663 0.016666666666666666
0 0.10651041666666665 0.6037037037037036 0.002604166666666674 0.005555555555555556
0 0.2216145833333333 0.5842592592592593 0.0078125 0.011111111111111112
0 0.25338541666666664 0.6 0.006770833333333304 0.009259259259259285
0 0.2497395833333333 0.6180555555555556 0.0078125 0.010185185185185158
0 0.26796875 0.6050925925925925 0.0057291666666666515 0.010185185185185158
0 0.2630208333333333 0.6189814814814815 0.007291666666666652 0.012037037037037063
0 0.2895833333333333 0.5847222222222223 0.008333333333333349 0.010185185185185158
0 0.2966145833333333 0.5856481481481481 0.0078125 0.012037037037037063
0 0.3091145833333333 0.6138888888888889 0.006770833333333348 0.012962962962962937
0 0.31979166666666664 0.5625 0.007291666666666696 0.010185185185185158
0 0.34479166666666666 0.5583333333333333 0.010416666666666696 0.007407407407407381
0 0.3372395833333333 0.5791666666666667 0.006770833333333348 0.012037037037037063
0 0.3416666666666667 0.6138888888888889 0.007291666666666696 0.011111111111111112
0 0.33046875 0.6129629629629629 0.0078125 0.00740740740740746
0 0.3671875 0.5944444444444444 0.007291666666666652 0.012962962962962937
0 0.41875 0.5851851851851851 0.009375 0.012962962962963016
0 0.4299479166666666 0.5884259259259259 0.006770833333333304 0.012037037037037063
0 0.5924479166666666 0.31157407407407406 0.003645833333333304 0.006481481481481468
