0 0.3572916666666667 0.6185185185185185 0.007291666666666696 0.00740740740740746
0 0.3052083333333333 0.6185185185185185 0.007291666666666652 0.009259259259259207
0 0.4111979166666666 0.6097222222222223 0.008854166666666696 0.012037037037037063
0 0.3109375 0.6055555555555555 0.008333333333333349 0.009259259259259285
0 0.4578125 0.5939814814814814 0.007291666666666696 0.008333333333333333
0 0.34921875 0.5902777777777778 0.009895833333333348 0.010185185185185158
0 0.2864583333333333 0.5939814814814814 0.008333333333333349 0.010185185185185158
0 0.38984375 0.5879629629629629 0.006770833333333348 0.00740740740740746
0 0.12473958333333332 0.5875 0.0078125 0.015740740740740715
0 0.46640625 0.5851851851851851 0.006770833333333304 0.00740740740740746
0 0.3645833333333333 0.5740740740740741 0.007291666666666652 0.00740740740740746
0 0.4005208333333333 0.5680555555555555 0.008333333333333349 0.010185185185185158
0 0.31744791666666666 0.6203703703703703 0.005729166666666697 0.007407407407407381
0 0.3098958333333333 0.6268518518518518 0.005208333333333348 0.009259259259259207
0 0.3520833333333333 0.5962962962962963 0.008333333333333349 0.00740740740740746
0 0.3765625 0.6189814814814815 0.00625 0.010185185185185158
0 0.38619791666666664 0.6129629629629629 0.005729166666666697 0.009259259259259207
0 0.1546875 0.6203703703703703 0.005208333333333326 0.009259259259259285
