0 0.0046875 0.5444444444444444 0.009375 0.014814814814814841
0 0.07864583333333333 0.5953703703703703 0.004166666666666663 0.007407407407407381
0 0.17083333333333334 0.5842592592592593 0.009375 0.011111111111111112
0 0.2091145833333333 0.5916666666666667 0.0078125 0.011111111111111112
0 0.20546875 0.6148148148148148 0.006770833333333348 0.012962962962962937
0 0.2216145833333333 0.6087962962962963 0.006770833333333348 0.012037037037036985
0 0.2309895833333333 0.5916666666666667 0.0078125 0.012962962962962937
0 0.2403645833333333 0.5759259259259258 0.008854166666666653 0.012962962962962937
0 0.25104166666666666 0.5787037037037036 0.007291666666666696 0.011111111111111112
0 0.26796875 0.6120370370370369 0.0078125 0.009259259259259285
0 0.2921875 0.6060185185185185 0.007291666666666652 0.010185185185185238
0 0.3046875 0.6087962962962963 0.007291666666666652 0.008333333333333333
0 0.2809895833333333 0.5560185185185185 0.0109375 0.013888888888888888
0 0.2966145833333333 0.5476851851851852 0.009895833333333348 0.010185185185185238
0 0.2942708333333333 0.5694444444444444 0.007291666666666652 0.012962962962962937
0 0.3278645833333333 0.5787037037037036 0.0078125 0.018518518518518493
0 0.3848958333333333 0.5810185185185185 0.007291666666666652 0.013888888888888888
0 0.39713541666666663 0.5805555555555556 0.006770833333333304 0.012962962962962937
0 0.2859375 0.3046296296296296 0.004166666666666652 0.007407407407407421
