0 0.2171875 0.5689814814814814 0.010416666666666652 0.023148148148148175
0 0.17552083333333332 0.5662037037037037 0.0125 0.017592592592592618
0 0.09609375 0.5856481481481481 0.011979166666666662 0.017592592592592618
0 0.08229166666666667 0.5722222222222222 0.011458333333333326 0.018518518518518493
0 0.08463541666666666 0.49675925925925923 0.0140625 0.02129629629629627
0 0.07552083333333333 0.5180555555555556 0.011458333333333338 0.015740740740740715
0 0.05416666666666666 0.5851851851851851 0.010416666666666668 0.011111111111111112
0 0.04401041666666666 0.5606481481481481 0.01197916666666667 0.017592592592592618
0 0.02786458333333333 0.5680555555555555 0.0078125 0.012037037037037063
0 0.016666666666666666 0.5597222222222222 0.01145833333333333 0.015740740740740715
0 0.0140625 0.5273148148148148 0.011458333333333333 0.015740740740740715
0 0.010416666666666666 0.5657407407407408 0.0041666666666666675 0.00740740740740746
