0 0.31979166666666664 0.6101851851851852 0.008333333333333304 0.011111111111111112
0 0.4171875 0.6083333333333333 0.0052083333333333036 0.009259259259259285
0 0.46354166666666663 0.5990740740740741 0.007291666666666696 0.009259259259259207
0 0.13489583333333333 0.5962962962962963 0.007291666666666652 0.011111111111111112
0 0.2966145833333333 0.5912037037037037 0.0078125 0.010185185185185158
0 0.3966145833333333 0.586574074074074 0.0057291666666666515 0.008333333333333333
0 0.4723958333333333 0.5810185185185185 0.00625 0.008333333333333333
0 0.3716145833333333 0.5731481481481481 0.006770833333333348 0.007407407407407381
0 0.4091145833333333 0.5694444444444444 0.0067708333333333925 0.009259259259259285
0 0.16354166666666664 0.6180555555555556 0.005208333333333326 0.008333333333333333
0 0.3143229166666667 0.6212962962962962 0.008854166666666696 0.009259259259259207
0 0.3828125 0.6166666666666667 0.007291666666666652 0.009259259259259285
0 0.3921875 0.6152777777777778 0.00625 0.010185185185185158
0 0.3578125 0.5921296296296296 0.007291666666666652 0.008333333333333333
0 0.36354166666666665 0.6175925925925926 0.007291666666666696 0.009259259259259285
0 0.3591145833333333 0.6 0.0078125 0.009259259259259285
0 0.3161458333333333 0.6305555555555555 0.00625 0.009259259259259285
0 0.3260416666666667 0.6194444444444445 0.007291666666666696 0.009259259259259285
