0 0.06666666666666667 0.5879629629629629 0.00625 0.012962962962963016
0 0.14479166666666665 0.5828703703703704 0.009375 0.013888888888888888
0 0.18619791666666666 0.5902777777777778 0.006770833333333326 0.010185185185185158
0 0.18098958333333331 0.6083333333333333 0.0078125 0.012962962962962937
0 0.1997395833333333 0.6041666666666666 0.0078124999999999774 0.015740740740740715
0 0.21041666666666664 0.587037037037037 0.007291666666666696 0.009259259259259285
0 0.21223958333333331 0.5685185185185185 0.009895833333333348 0.012962962962963016
0 0.2247395833333333 0.5740740740740741 0.008854166666666653 0.009259259259259207
0 0.2591145833333333 0.5527777777777778 0.009895833333333348 0.012962962962962937
0 0.26796875 0.5453703703703703 0.009895833333333348 0.012962962962962937
0 0.27109375 0.5638888888888889 0.0078125 0.014814814814814841
0 0.2453125 0.611574074074074 0.009375 0.010185185185185238
0 0.2716145833333333 0.6050925925925925 0.0078125 0.010185185185185158
0 0.2828125 0.6111111111111112 0.008333333333333349 0.009259259259259285
0 0.3046875 0.5740740740740741 0.008333333333333349 0.014814814814814762
0 0.3645833333333333 0.574537037037037 0.008333333333333349 0.019444444444444445
0 0.3786458333333333 0.5768518518518518 0.007291666666666652 0.012962962962963016
0 0.13411458333333331 0.2949074074074074 0.006770833333333348 0.010185185185185198
