0 0.32109375 0.6231481481481481 0.0109375 0.007407407407407381
0 0.3692708333333333 0.6180555555555556 0.007291666666666652 0.012037037037037063
0 0.4236979166666666 0.6162037037037037 0.006770833333333304 0.012037037037037063
0 0.39869791666666665 0.6157407407407407 0.008854166666666696 0.011111111111111112
0 0.328125 0.6060185185185185 0.00625 0.015740740740740795
0 0.17161458333333332 0.6236111111111111 0.0046875 0.006481481481481508
0 0.14479166666666665 0.5981481481481481 0.010416666666666675 0.007407407407407381
0 0.4671875 0.5953703703703703 0.007291666666666696 0.007407407407407381
0 0.3653645833333333 0.5962962962962963 0.0057291666666666515 0.009259259259259207
0 0.3052083333333333 0.5944444444444444 0.007291666666666652 0.012962962962962937
0 0.40494791666666663 0.5916666666666667 0.006770833333333304 0.012962962962962937
0 0.4768229166666666 0.5810185185185185 0.006770833333333304 0.008333333333333333
0 0.37838541666666664 0.5796296296296296 0.006770833333333304 0.012962962962963016
0 0.4161458333333333 0.575 0.008333333333333392 0.016666666666666666
0 0.38984375 0.6166666666666667 0.0078125 0.009259259259259285
0 0.3328125 0.6263888888888889 0.00625 0.010185185185185158
0 0.3216145833333333 0.6310185185185185 0.0109375 0.010185185185185238
0 0.3671875 0.5976851851851852 0.007291666666666652 0.006481481481481429
