0 0.2997395833333333 0.5726851851851852 0.0109375 0.010185185185185238
0 0.2778645833333333 0.5685185185185185 0.013020833333333348 0.01851851851851857
0 0.19348958333333333 0.6074074074074074 0.008854166666666653 0.012962962962963016
0 0.18098958333333331 0.5893518518518518 0.009895833333333348 0.012037037037036985
0 0.1997395833333333 0.5439814814814814 0.010937499999999978 0.017592592592592618
0 0.17213541666666665 0.5439814814814814 0.008854166666666673 0.019444444444444445
0 0.16979166666666665 0.524537037037037 0.008333333333333326 0.010185185185185158
0 0.13541666666666666 0.5078703703703703 0.0125 0.023148148148148175
0 0.1484375 0.5967592592592592 0.010416666666666675 0.015740740740740715
0 0.12786458333333334 0.5708333333333333 0.0109375 0.012037037037037063
0 0.11848958333333333 0.5462962962962963 0.0109375 0.016666666666666666
0 0.10989583333333333 0.5837962962962963 0.008333333333333349 0.021296296296296348
0 0.09791666666666667 0.5712962962962963 0.011458333333333326 0.011111111111111112
0 0.09036458333333333 0.5402777777777777 0.009895833333333336 0.02129629629629627
0 0.08229166666666667 0.5990740740740741 0.009375 0.016666666666666666
0 0.04348958333333333 0.5685185185185185 0.0109375 0.012962962962963016
0 0.03203125 0.5708333333333333 0.0036458333333333317 0.004629629629629603
