0 0.03046875 0.5513888888888889 0.0109375 0.013888888888888888
0 0.0921875 0.6 0.005208333333333337 0.007407407407407381
0 0.19713541666666665 0.5837962962962963 0.0078125 0.008333333333333333
0 0.23151041666666666 0.5944444444444444 0.006770833333333304 0.012962962962962937
0 0.22786458333333331 0.6175925925925926 0.006770833333333348 0.011111111111111112
0 0.24348958333333331 0.6152777777777778 0.0078125 0.013888888888888888
0 0.2497395833333333 0.599537037037037 0.008854166666666653 0.006481481481481508
0 0.26666666666666666 0.5828703703703704 0.008333333333333304 0.013888888888888888
0 0.2747395833333333 0.5814814814814814 0.0078125 0.014814814814814841
0 0.28932291666666665 0.6129629629629629 0.006770833333333304 0.012962962962963016
0 0.3130208333333333 0.6097222222222223 0.009375 0.012037037037037063
0 0.3234375 0.6097222222222223 0.007291666666666652 0.012037037037037063
0 0.3015625 0.5578703703703703 0.009375 0.010185185185185158
0 0.32291666666666663 0.5513888888888889 0.008333333333333304 0.013888888888888888
0 0.31666666666666665 0.5773148148148147 0.007291666666666696 0.013888888888888888
0 0.34791666666666665 0.5851851851851851 0.009375 0.014814814814814762
0 0.4028645833333333 0.5824074074074074 0.0109375 0.014814814814814762
0 0.4140625 0.5856481481481481 0.008333333333333304 0.013888888888888888
0 0.4390625 0.30925925925925923 0.004166666666666696 0.005555555555555556
