0 0.06770833333333333 0.5675925925925925 0.009375 0.011111111111111112
0 0.11354166666666665 0.6078703703703703 0.005208333333333326 0.010185185185185158
0 0.2328125 0.5916666666666667 0.007291666666666652 0.012962962962962937
0 0.2635416666666667 0.5990740740740741 0.007291666666666696 0.009259259259259207
0 0.27734375 0.6055555555555555 0.006770833333333348 0.007407407407407381
0 0.26041666666666663 0.6185185185185185 0.007291666666666696 0.009259259259259207
0 0.2716145833333333 0.6194444444444445 0.006770833333333348 0.011111111111111112
0 0.3015625 0.5828703703703704 0.008333333333333349 0.012037037037037063
0 0.30729166666666663 0.5907407407407407 0.007291666666666696 0.00740740740740746
0 0.31796875 0.6185185185185185 0.006770833333333348 0.011111111111111112
0 0.3270833333333333 0.5680555555555555 0.00625 0.010185185185185158
0 0.33932291666666664 0.6157407407407407 0.006770833333333304 0.005555555555555556
0 0.3466145833333333 0.5810185185185185 0.0078125 0.010185185185185238
0 0.3559895833333333 0.5574074074074074 0.0078125 0.009259259259259207
0 0.35026041666666663 0.611574074074074 0.006770833333333304 0.006481481481481429
0 0.37526041666666665 0.5930555555555556 0.006770833333333304 0.012037037037037063
0 0.4247395833333333 0.587037037037037 0.0078125 0.009259259259259285
0 0.4359375 0.5824074074074074 0.007291666666666696 0.009259259259259207
0 0.6674479166666666 0.3106481481481481 0.0026041666666666964 0.004629629629629603
