0 0.4640625 0.6125 0.008333333333333304 0.008333333333333333
0 0.5072916666666666 0.6074074074074074 0.004166666666666696 0.005555555555555556
0 0.38932291666666663 0.5949074074074073 0.006770833333333304 0.012037037037036985
0 0.4721354166666666 0.5916666666666667 0.006770833333333304 0.009259259259259285
0 0.5171875 0.5851851851851851 0.004166666666666696 0.00740740740740746
0 0.3671875 0.6504629629629629 0.003125 0.006481481481481429
0 0.39479166666666665 0.6277777777777778 0.0052083333333333036 0.011111111111111112
0 0.4041666666666666 0.6199074074074074 0.004166666666666696 0.008333333333333333
0 0.4111979166666666 0.6430555555555556 0.006770833333333304 0.008333333333333333
0 0.43229166666666663 0.5986111111111111 0.0052083333333333036 0.012037037037037063
0 0.4291666666666666 0.6217592592592592 0.0052083333333333036 0.010185185185185158
0 0.4671875 0.6342592592592592 0.0052083333333333036 0.005555555555555556
0 0.4510416666666666 0.6254629629629629 0.004166666666666696 0.006481481481481429
0 0.4421875 0.6231481481481481 0.0052083333333333036 0.007407407407407381
0 0.43671875 0.6083333333333333 0.003645833333333304 0.005555555555555556
0 0.4390625 0.6120370370370369 0.00625 0.005555555555555556
0 0.24791666666666665 0.6398148148148147 0.007291666666666696 0.011111111111111112
0 0.2809895833333333 0.649074074074074 0.0046875 0.00740740740740746
