0 0.12473958333333332 0.23240740740740737 0.0026041666666666518 0.0037037037037036904
0 0.1140625 0.3134259259259259 0.002083333333333326 0.004629629629629603
0 0.11666666666666665 0.32129629629629625 0.002083333333333326 0.0037037037037036904
0 0.12786458333333334 0.3050925925925926 0.0026041666666666518 0.002777777777777778
0 0.1234375 0.312037037037037 0.003125 0.00370370370370373
0 0.12786458333333334 0.31296296296296294 0.0015625 0.0037037037037036904
0 0.12161458333333333 0.3171296296296296 0.0015625 0.002777777777777778
0 0.12552083333333333 0.3171296296296296 0.003125 0.002777777777777778
0 0.12864583333333332 0.31805555555555554 0.002083333333333348 0.002777777777777778
0 0.12369791666666666 0.3226851851851852 0.002604166666666674 0.002777777777777778
0 0.12786458333333334 0.32175925925925924 0.0015625 0.002777777777777778
