0 0.40234375 0.6185185185185185 0.0078125 0.012962962962963016
0 0.4286458333333333 0.6162037037037037 0.007291666666666608 0.012037037037037063
0 0.4059895833333333 0.6050925925925925 0.008854166666666607 0.010185185185185158
0 0.4890625 0.6 0.008333333333333304 0.007407407407407381
0 0.4385416666666666 0.5958333333333333 0.007291666666666696 0.012037037037037063
0 0.5002604166666667 0.5814814814814814 0.005729166666666697 0.007407407407407381
0 0.4091145833333333 0.5819444444444445 0.0067708333333333925 0.012037037037037063
0 0.44921875 0.5814814814814814 0.0078125 0.009259259259259285
0 0.44921875 0.6263888888888889 0.0078125 0.010185185185185158
0 0.4197916666666666 0.6175925925925926 0.007291666666666696 0.011111111111111112
0 0.3747395833333333 0.6356481481481481 0.0057291666666666515 0.008333333333333333
0 0.3690104166666667 0.6162037037037037 0.005729166666666697 0.008333333333333333
0 0.36041666666666666 0.6217592592592592 0.007291666666666696 0.008333333333333333
0 0.3484375 0.6398148148148147 0.005208333333333348 0.005555555555555556
0 0.3515625 0.5921296296296296 0.007291666666666652 0.012037037037036985
0 0.19921875 0.6166666666666667 0.0078125 0.012962962962962937
