0 0.0796875 0.2046296296296296 0.003125 0.005555555555555556
0 0.07864583333333333 0.29259259259259257 0.002083333333333337 0.00370370370370373
0 0.08046875 0.29953703703703705 0.0015625 0.004629629629629603
0 0.08854166666666666 0.3023148148148148 0.003125 0.004629629629629603
0 0.0921875 0.2962962962962963 0.002083333333333337 0.0037037037037036904
0 0.0921875 0.30092592592592593 0.002083333333333337 0.0018518518518518255
0 0.08671875 0.2893518518518518 0.0015625 0.002777777777777778
0 0.08541666666666667 0.2949074074074074 0.002083333333333326 0.002777777777777778
0 0.08723958333333333 0.2935185185185185 0.0015625 0.001851851851851865
0 0.0890625 0.29398148148148145 0.002083333333333337 0.002777777777777778
0 0.09036458333333333 0.2916666666666667 0.0015625 0.001851851851851865
0 0.09166666666666666 0.2879629629629629 0.003125 0.0037037037037036904
0 0.09036458333333333 0.28194444444444444 0.0015625 0.002777777777777778
