0 0.12994791666666666 0.23472222222222222 0.002604166666666674 0.002777777777777778
0 0.13229166666666664 0.30648148148148147 0.002083333333333326 0.00370370370370373
0 0.13411458333333331 0.3134259259259259 0.0026041666666666518 0.004629629629629603
0 0.13229166666666664 0.3148148148148148 0.003125 0.00370370370370373
0 0.13229166666666664 0.3194444444444444 0.002083333333333326 0.001851851851851865
0 0.13151041666666666 0.324537037037037 0.002604166666666674 0.004629629629629603
0 0.12734375 0.32546296296296295 0.002604166666666674 0.004629629629629642
0 0.1203125 0.32407407407407407 0.001041666666666674 0.0037037037037036904
0 0.1265625 0.3143518518518518 0.002083333333333326 0.002777777777777778
0 0.12552083333333333 0.3189814814814815 0.002083333333333348 0.002777777777777778
0 0.12864583333333332 0.3189814814814815 0.002083333333333348 0.002777777777777778
