0 0.2859375 0.5703703703703703 0.008333333333333349 0.018518518518518493
0 0.26171875 0.5759259259259258 0.0109375 0.018518518518518493
0 0.17916666666666664 0.5990740740740741 0.010416666666666675 0.01851851851851857
0 0.16536458333333331 0.586574074074074 0.0109375 0.01759259259259254
0 0.18333333333333332 0.5305555555555556 0.0125 0.020370370370370396
0 0.15625 0.5226851851851851 0.009375 0.019444444444444445
0 0.15651041666666665 0.5439814814814814 0.009895833333333326 0.013888888888888888
0 0.1109375 0.4949074074074074 0.0125 0.021296296296296348
0 0.11354166666666665 0.5685185185185185 0.010416666666666675 0.01851851851851857
0 0.13411458333333331 0.6023148148148147 0.009895833333333348 0.013888888888888888
0 0.096875 0.5810185185185185 0.009375 0.010185185185185238
0 0.10104166666666665 0.5495370370370369 0.010416666666666675 0.015740740740740715
0 0.08411458333333333 0.5675925925925925 0.009895833333333336 0.016666666666666666
0 0.06979166666666667 0.5412037037037036 0.010416666666666675 0.015740740740740715
0 0.06796875 0.5935185185185184 0.008854166666666663 0.009259259259259207
0 0.029166666666666664 0.5578703703703703 0.009374999999999998 0.010185185185185158
0 0.028125 0.5699074074074074 0.00625 0.010185185185185238
