0 0.0171875 0.5449074074074074 0.010416666666666666 0.015740740740740795
0 0.08541666666666667 0.5935185185185184 0.004166666666666674 0.009259259259259207
0 0.18489583333333331 0.5805555555555556 0.008333333333333349 0.014814814814814841
0 0.2216145833333333 0.5958333333333333 0.008854166666666653 0.010185185185185158
0 0.2171875 0.6097222222222223 0.00625 0.013888888888888888
0 0.23359375 0.6125 0.006770833333333348 0.010185185185185158
0 0.2411458333333333 0.5962962962962963 0.008333333333333349 0.012962962962963016
0 0.25416666666666665 0.5763888888888888 0.010416666666666696 0.012037037037037063
0 0.2635416666666667 0.5847222222222223 0.007291666666666696 0.013888888888888888
0 0.27838541666666666 0.6180555555555556 0.0078125 0.013888888888888888
0 0.30234375 0.6138888888888889 0.0057291666666666515 0.012962962962962937
0 0.3143229166666667 0.6148148148148148 0.005729166666666697 0.011111111111111112
0 0.2903645833333333 0.5564814814814815 0.0078125 0.012962962962962937
0 0.3098958333333333 0.5550925925925926 0.009375 0.015740740740740715
0 0.3059895833333333 0.5712962962962963 0.0078125 0.011111111111111112
0 0.33854166666666663 0.5884259259259259 0.008333333333333304 0.012037037037037063
0 0.39375 0.5805555555555556 0.009375 0.016666666666666666
0 0.4059895833333333 0.5824074074074074 0.0078125 0.011111111111111112
0 0.3622395833333333 0.3055555555555556 0.0046875 0.007407407407407421
