0 0.11536458333333333 0.22592592592592592 0.0026041666666666518 0.005555555555555556
0 0.10729166666666665 0.30694444444444446 0.002083333333333326 0.002777777777777778
0 0.10833333333333332 0.31805555555555554 0.002083333333333348 0.002777777777777778
0 0.11536458333333333 0.30601851851851847 0.0015625 0.002777777777777778
0 0.11354166666666665 0.312037037037037 0.002083333333333326 0.00370370370370373
0 0.12161458333333333 0.30601851851851847 0.0015625 0.0009259259259259127
0 0.11979166666666666 0.30694444444444446 0.002083333333333326 0.002777777777777778
0 0.11744791666666665 0.31157407407407406 0.002604166666666674 0.004629629629629642
0 0.11484375 0.3185185185185185 0.0015625 0.0037037037037036904
0 0.11666666666666665 0.31805555555555554 0.002083333333333326 0.002777777777777778
0 0.1203125 0.3157407407407407 0.002083333333333326 0.005555555555555556
