0 0.2591145833333333 0.5675925925925925 0.0109375 0.014814814814814841
0 0.22916666666666666 0.5708333333333333 0.011458333333333303 0.02129629629629627
0 0.14791666666666664 0.5953703703703703 0.009375 0.014814814814814841
0 0.13489583333333333 0.5787037037037036 0.009375 0.018518518518518493
0 0.14661458333333333 0.5189814814814814 0.011979166666666652 0.017592592592592618
0 0.12786458333333334 0.5134259259259258 0.011979166666666652 0.019444444444444445
0 0.125 0.5337962962962963 0.009375 0.013888888888888888
0 0.10234375 0.5967592592592592 0.0109375 0.015740740740740715
0 0.0859375 0.5629629629629629 0.009375 0.01851851851851857
0 0.0703125 0.5787037037037036 0.010416666666666663 0.012962962962962937
0 0.03723958333333333 0.5921296296296296 0.009895833333333336 0.012037037037036985
0 0.0578125 0.5578703703703703 0.010416666666666663 0.017592592592592618
0 0.06666666666666667 0.5407407407407407 0.011458333333333326 0.022222222222222223
0 0.06041666666666666 0.48518518518518516 0.014583333333333327 0.01851851851851857
0 0.02786458333333333 0.5300925925925926 0.011979166666666662 0.015740740740740715
0 0.01927083333333333 0.5680555555555555 0.003125 0.006481481481481508
0 0.0023437499999999995 0.5569444444444445 0.003645833333333333 0.010185185185185158
