0 0.08463541666666666 0.20694444444444443 0.002604166666666674 0.004629629629629642
0 0.09557291666666666 0.2847222222222222 0.002604166666666674 0.002777777777777778
0 0.09661458333333332 0.2907407407407407 0.0015625 0.001851851851851865
0 0.09479166666666666 0.29305555555555557 0.002083333333333326 0.002777777777777778
0 0.09609375 0.29814814814814816 0.0015625 0.00370370370370373
0 0.09661458333333332 0.3032407407407407 0.0015625 0.002777777777777778
0 0.09348958333333332 0.30416666666666664 0.0015625 0.002777777777777778
0 0.09166666666666666 0.30601851851851847 0.001041666666666674 0.002777777777777778
0 0.08489583333333332 0.3032407407407407 0.002083333333333337 0.002777777777777778
0 0.08229166666666667 0.2949074074074074 0.002083333333333326 0.002777777777777778
0 0.09114583333333333 0.29305555555555557 0.002083333333333337 0.002777777777777778
0 0.0890625 0.2967592592592592 0.001041666666666663 0.002777777777777778
0 0.09114583333333333 0.29583333333333334 0.002083333333333337 0.002777777777777778
0 0.09296875 0.2972222222222222 0.0015625 0.001851851851851865
