0 0.4184895833333333 0.6166666666666667 0.009895833333333392 0.012962962962962937
0 0.4424479166666666 0.6194444444444445 0.008854166666666696 0.014814814814814841
0 0.3625 0.6305555555555555 0.00625 0.009259259259259285
0 0.18229166666666666 0.6125 0.008333333333333326 0.008333333333333333
0 0.4833333333333333 0.5981481481481481 0.00625 0.005555555555555556
0 0.4111979166666666 0.6180555555555556 0.008854166666666696 0.012037037037037063
0 0.4291666666666666 0.5939814814814814 0.0052083333333333036 0.008333333333333333
0 0.3372395833333333 0.5930555555555556 0.0078125 0.008333333333333333
0 0.40104166666666663 0.5810185185185185 0.0052083333333333036 0.010185185185185238
0 0.49296875 0.5842592592592593 0.005729166666666697 0.009259259259259285
0 0.4390625 0.5773148148148147 0.00625 0.012037037037037063
0 0.3934895833333333 0.6055555555555555 0.0078125 0.007407407407407381
0 0.3927083333333333 0.6185185185185185 0.00625 0.009259259259259207
0 0.3559895833333333 0.6152777777777778 0.0057291666666666515 0.010185185185185158
0 0.3484375 0.6222222222222222 0.005208333333333348 0.012962962962962937
0 0.3411458333333333 0.6365740740740741 0.00625 0.006481481481481429
0 0.3934895833333333 0.599537037037037 0.008854166666666653 0.008333333333333333
