0 0.3359375 0.5791666666666667 0.007291666666666652 0.013888888888888888
0 0.3192708333333333 0.5759259259259258 0.008333333333333349 0.012962962962962937
0 0.23463541666666665 0.6069444444444444 0.009895833333333303 0.013888888888888888
0 0.2484375 0.5611111111111111 0.010416666666666652 0.016666666666666666
0 0.22291666666666665 0.6013888888888889 0.009375 0.012037037037037063
0 0.21796875 0.5560185185185185 0.008854166666666653 0.010185185185185238
0 0.21041666666666664 0.5398148148148147 0.010416666666666696 0.016666666666666666
0 0.19869791666666664 0.5263888888888889 0.013020833333333304 0.019444444444444445
0 0.16588541666666665 0.5643518518518518 0.008854166666666673 0.012037037037036985
0 0.19348958333333333 0.6083333333333333 0.008854166666666653 0.011111111111111112
0 0.1640625 0.5814814814814814 0.008333333333333326 0.012962962962962937
0 0.14973958333333331 0.5912037037037037 0.008854166666666653 0.015740740740740715
0 0.14661458333333333 0.5555555555555556 0.0140625 0.014814814814814841
0 0.13723958333333333 0.5819444444444445 0.0078125 0.012037037037037063
0 0.12734375 0.5990740740740741 0.008854166666666673 0.01851851851851857
0 0.08802083333333333 0.5680555555555555 0.010416666666666663 0.015740740740740715
0 0.0453125 0.5796296296296296 0.00625 0.005555555555555556
