0 0.10052083333333332 0.21712962962962962 0.002083333333333337 0.004629629629629642
0 0.0953125 0.3023148148148148 0.002083333333333337 0.002777777777777778
0 0.09661458333333332 0.30972222222222223 0.0015625 0.002777777777777778
0 0.10234375 0.3055555555555556 0.0015625 0.001851851851851865
0 0.10364583333333333 0.312037037037037 0.002083333333333348 0.005555555555555556
0 0.1046875 0.31157407407407406 0.002083333333333326 0.004629629629629642
0 0.1078125 0.3101851851851852 0.002083333333333326 0.001851851851851865
0 0.10416666666666666 0.3037037037037037 0.001041666666666674 0.0018518518518518255
0 0.10546875 0.3050925925925926 0.0015625 0.002777777777777778
0 0.10729166666666665 0.2986111111111111 0.002083333333333326 0.002777777777777778
0 0.1078125 0.3023148148148148 0.001041666666666674 0.002777777777777778
0 0.10911458333333332 0.29907407407407405 0.0015625 0.0037037037037036904
