0 0.13723958333333333 0.6129629629629629 0.0057291666666666515 0.009259259259259207
0 0.4447916666666666 0.5930555555555556 0.008333333333333304 0.008333333333333333
0 0.4546875 0.5814814814814814 0.007291666666666696 0.009259259259259285
0 0.10286458333333333 0.5824074074074074 0.008854166666666653 0.011111111111111112
0 0.9067708333333332 0.2986111111111111 0.004166666666666608 0.006481481481481468
0 0.26666666666666666 0.5902777777777778 0.007291666666666696 0.012037037037037063
0 0.29296875 0.6060185185185185 0.0078125 0.010185185185185238
0 0.3015625 0.6143518518518518 0.007291666666666652 0.006481481481481429
0 0.2958333333333333 0.6254629629629629 0.00625 0.006481481481481429
0 0.28854166666666664 0.6175925925925926 0.007291666666666696 0.011111111111111112
0 0.3317708333333333 0.5861111111111111 0.007291666666666652 0.009259259259259285
0 0.33541666666666664 0.5953703703703703 0.00625 0.011111111111111112
0 0.3416666666666667 0.6180555555555556 0.007291666666666696 0.010185185185185158
0 0.3622395833333333 0.6180555555555556 0.0078125 0.008333333333333333
0 0.37265625 0.6157407407407407 0.006770833333333348 0.011111111111111112
0 0.3984375 0.6 0.00625 0.009259259259259285
0 0.3848958333333333 0.5648148148148148 0.007291666666666652 0.009259259259259285
0 0.3734375 0.5810185185185185 0.008333333333333349 0.010185185185185238
0 0.35104166666666664 0.5694444444444444 0.007291666666666696 0.009259259259259285
