0 0.20104166666666665 0.5689814814814814 0.010416666666666675 0.010185185185185158
0 0.15651041666666665 0.5555555555555556 0.011979166666666674 0.016666666666666666
0 0.07838541666666667 0.5898148148148148 0.0109375 0.012962962962962937
0 0.06484375 0.5601851851851851 0.0109375 0.014814814814814762
0 0.06979166666666667 0.49351851851851847 0.007291666666666674 0.01851851851851857
0 0.06354166666666666 0.49675925925925923 0.010416666666666675 0.023148148148148175
0 0.0578125 0.5185185185185185 0.011458333333333338 0.020370370370370317
0 0.03723958333333333 0.5782407407407407 0.008854166666666663 0.019444444444444445
0 0.03229166666666666 0.5541666666666667 0.010416666666666668 0.012037037037037063
0 0.013541666666666665 0.5722222222222222 0.008333333333333331 0.012962962962962937
0 0.0078125 0.5638888888888889 0.007291666666666666 0.011111111111111112
0 0.00546875 0.5513888888888889 0.009895833333333333 0.013888888888888888
0 0.0010416666666666669 0.5203703703703704 0.0010416666666666669 0.005555555555555556
