0 0.4591145833333333 0.6083333333333333 0.0078125 0.007407407407407381
0 0.4643229166666666 0.6305555555555555 0.006770833333333304 0.005555555555555556
0 0.5046875 0.6055555555555555 0.007291666666666696 0.007407407407407381
0 0.36354166666666665 0.6449074074074074 0.004166666666666696 0.004629629629629682
0 0.3796875 0.5935185185185184 0.005208333333333348 0.00740740740740746
0 0.4453125 0.6199074074074074 0.00625 0.008333333333333333
0 0.46640625 0.5912037037037037 0.008854166666666696 0.008333333333333333
0 0.5140625 0.5842592592592593 0.0052083333333333036 0.005555555555555556
0 0.3859375 0.624537037037037 0.00625 0.008333333333333333
0 0.39609375 0.6185185185185185 0.0046875 0.00740740740740746
0 0.4015625 0.6425925925925925 0.007291666666666652 0.011111111111111112
0 0.42734375 0.5935185185185184 0.0046875 0.009259259259259207
0 0.4223958333333333 0.6231481481481481 0.00625 0.007407407407407381
0 0.4372395833333333 0.6208333333333333 0.0046875 0.010185185185185158
0 0.2359375 0.6314814814814814 0.010416666666666652 0.012962962962962937
0 0.26588541666666665 0.6435185185185185 0.0046875 0.011111111111111112
0 0.4291666666666666 0.6087962962962963 0.004166666666666696 0.008333333333333333
0 0.4315104166666666 0.6078703703703703 0.005729166666666697 0.010185185185185158
