0 0.11223958333333332 0.3194444444444444 0.0015625 0.001851851851851865
0 0.1109375 0.30972222222222223 0.002083333333333326 0.002777777777777778
0 0.11979166666666666 0.3087962962962963 0.003125 0.002777777777777778
0 0.12421875 0.30833333333333335 0.002604166666666674 0.0037037037037036904
0 0.12552083333333333 0.3018518518518518 0.002083333333333348 0.0037037037037036904
0 0.1203125 0.2296296296296296 0.002083333333333326 0.0037037037037036904
0 0.1171875 0.3148148148148148 0.002083333333333326 0.0018518518518518255
0 0.12109375 0.3143518518518518 0.002604166666666674 0.002777777777777778
0 0.12473958333333332 0.3162037037037037 0.0015625 0.002777777777777778
0 0.12473958333333332 0.31990740740740736 0.0015625 0.002777777777777778
0 0.11979166666666666 0.32037037037037036 0.004166666666666674 0.00370370370370373
