0 0.06041666666666666 0.5884259259259259 0.004166666666666674 0.008333333333333333
0 0.13020833333333331 0.5763888888888888 0.009375 0.010185185185185158
0 0.17473958333333334 0.5856481481481481 0.008854166666666653 0.013888888888888888
0 0.16770833333333332 0.6078703703703703 0.009375 0.010185185185185158
0 0.18723958333333332 0.600462962962963 0.0078125 0.019444444444444445
0 0.19661458333333331 0.5712962962962963 0.010937499999999978 0.012962962962963016
0 0.1997395833333333 0.586574074074074 0.0078124999999999774 0.015740740740740795
0 0.2109375 0.574537037037037 0.007291666666666652 0.017592592592592618
0 0.23229166666666665 0.6125 0.008333333333333304 0.017592592592592618
0 0.2591145833333333 0.6041666666666666 0.0109375 0.012037037037037063
0 0.27291666666666664 0.6060185185185185 0.008333333333333304 0.015740740740740795
0 0.2578125 0.5680555555555555 0.007291666666666652 0.013888888888888888
0 0.2528645833333333 0.5333333333333333 0.009895833333333348 0.020370370370370396
0 0.2484375 0.5467592592592592 0.011458333333333348 0.013888888888888888
0 0.2911458333333333 0.5689814814814814 0.011458333333333348 0.013888888888888888
0 0.3546875 0.5810185185185185 0.007291666666666652 0.013888888888888888
0 0.3684895833333333 0.5800925925925925 0.0078125 0.012037037037037063
0 0.05807291666666666 0.2916666666666667 0.005729166666666674 0.005555555555555556
