0 0.3122395833333333 0.575462962962963 0.0078125 0.019444444444444445
0 0.2927083333333333 0.5768518518518518 0.010416666666666652 0.01851851851851857
0 0.2177083333333333 0.5444444444444444 0.010416666666666652 0.018518518518518493
0 0.2078125 0.6027777777777777 0.007291666666666652 0.014814814814814841
0 0.19479166666666664 0.5949074074074073 0.010416666666666675 0.012037037037036985
0 0.18723958333333332 0.5518518518518518 0.009895833333333348 0.011111111111111112
0 0.18489583333333331 0.5319444444444444 0.010416666666666652 0.013888888888888888
0 0.15729166666666666 0.5069444444444444 0.014583333333333327 0.023148148148148175
0 0.16432291666666665 0.6050925925925925 0.008854166666666673 0.015740740740740715
0 0.1390625 0.5763888888888888 0.009375 0.017592592592592618
0 0.13463541666666665 0.5546296296296296 0.0078125 0.014814814814814762
0 0.12421875 0.5824074074074074 0.009895833333333326 0.01851851851851857
0 0.11171875 0.5763888888888888 0.009895833333333326 0.017592592592592618
0 0.10911458333333332 0.55 0.011979166666666652 0.018518518518518493
0 0.0984375 0.5953703703703703 0.010416666666666663 0.016666666666666666
0 0.0578125 0.5625 0.009375 0.017592592592592618
0 0.03671875 0.5763888888888888 0.0046875 0.012037037037037063
