0 0.27291666666666664 0.575 0.008333333333333304 0.014814814814814841
0 0.24609375 0.5666666666666667 0.011979166666666652 0.016666666666666666
0 0.16223958333333333 0.6046296296296296 0.0109375 0.014814814814814762
0 0.14973958333333331 0.5819444444444445 0.0109375 0.010185185185185158
0 0.16458333333333333 0.5324074074074073 0.0125 0.016666666666666666
0 0.14166666666666666 0.5351851851851852 0.008333333333333326 0.020370370370370317
0 0.1421875 0.5175925925925925 0.008333333333333326 0.014814814814814841
0 0.0859375 0.4925925925925925 0.014583333333333337 0.024074074074074046
0 0.08541666666666667 0.5398148148148147 0.009375 0.012962962962962937
0 0.09973958333333333 0.5685185185185185 0.009895833333333336 0.012962962962963016
0 0.11796875 0.5925925925925926 0.009895833333333326 0.014814814814814841
0 0.0828125 0.5759259259259258 0.007291666666666663 0.018518518518518493
0 0.07109375 0.5675925925925925 0.008854166666666663 0.014814814814814841
0 0.05 0.5273148148148148 0.0125 0.02129629629629627
0 0.052864583333333326 0.5916666666666667 0.008854166666666663 0.016666666666666666
0 0.0234375 0.5708333333333333 0.004166666666666666 0.008333333333333333
0 0.0140625 0.5578703703703703 0.008333333333333333 0.017592592592592618
