0 0.07916666666666666 0.5740740740740741 0.010416666666666675 0.014814814814814762
0 0.12239583333333333 0.6060185185185185 0.00625 0.013888888888888888
0 0.24557291666666664 0.5856481481481481 0.008854166666666696 0.013888888888888888
0 0.2739583333333333 0.6055555555555555 0.008333333333333349 0.012962962962962937
0 0.2859375 0.6074074074074074 0.007291666666666652 0.011111111111111112
0 0.2809895833333333 0.6222222222222222 0.0046875 0.009259259259259285
0 0.2703125 0.6180555555555556 0.007291666666666652 0.008333333333333333
0 0.3122395833333333 0.5842592592592593 0.008854166666666653 0.009259259259259285
0 0.3161458333333333 0.5930555555555556 0.007291666666666652 0.012037037037037063
0 0.3265625 0.6157407407407407 0.007291666666666652 0.012962962962963016
0 0.3466145833333333 0.6171296296296296 0.0078125 0.006481481481481429
0 0.3572916666666667 0.6162037037037037 0.007291666666666696 0.010185185185185158
0 0.3359375 0.5657407407407408 0.00625 0.011111111111111112
0 0.35651041666666666 0.5787037037037036 0.0078125 0.009259259259259285
0 0.3661458333333333 0.5643518518518518 0.007291666666666652 0.012037037037036985
0 0.3828125 0.5981481481481481 0.007291666666666652 0.007407407407407381
0 0.43229166666666663 0.5893518518518518 0.008333333333333304 0.012037037037036985
0 0.4434895833333333 0.5814814814814814 0.0067708333333333925 0.009259259259259285
0 0.7447916666666666 0.30648148148148147 0.0052083333333333036 0.007407407407407381
