0 0.4622395833333333 0.611574074074074 0.0067708333333333925 0.006481481481481429
0 0.5072916666666666 0.6055555555555555 0.007291666666666696 0.007407407407407381
0 0.44791666666666663 0.6212962962962962 0.0052083333333333036 0.00740740740740746
0 0.38541666666666663 0.5981481481481481 0.0052083333333333036 0.007407407407407381
0 0.4697916666666666 0.5893518518518518 0.00625 0.006481481481481429
0 0.5171875 0.586574074074074 0.0052083333333333036 0.006481481481481429
0 0.3653645833333333 0.6481481481481481 0.0046875 0.005555555555555556
0 0.39166666666666666 0.6222222222222222 0.004166666666666696 0.009259259259259285
0 0.3997395833333333 0.6194444444444445 0.005729166666666607 0.009259259259259285
0 0.4072916666666666 0.6430555555555556 0.00625 0.010185185185185158
0 0.4658854166666666 0.6310185185185185 0.005729166666666697 0.006481481481481429
0 0.440625 0.6217592592592592 0.00625 0.010185185185185158
0 0.43046875 0.599537037037037 0.0046875 0.006481481481481508
0 0.4260416666666666 0.6226851851851851 0.007291666666666696 0.006481481481481429
0 0.2421875 0.6351851851851852 0.007291666666666652 0.00740740740740746
0 0.27369791666666665 0.6476851851851851 0.005729166666666697 0.006481481481481429
0 0.4330729166666666 0.6055555555555555 0.006770833333333304 0.009259259259259285
0 0.4354166666666666 0.6120370370370369 0.0052083333333333036 0.007407407407407381
