0 0.09114583333333333 0.5740740740740741 0.009375 0.01851851851851857
0 0.13046875 0.6125 0.0046875 0.008333333333333333
0 0.2559895833333333 0.5930555555555556 0.0078125 0.012037037037037063
0 0.2841145833333333 0.6009259259259259 0.0078125 0.012962962962962937
0 0.2942708333333333 0.6125 0.00625 0.008333333333333333
0 0.28854166666666664 0.625 0.00625 0.009259259259259285
0 0.2796875 0.6199074074074074 0.007291666666666652 0.012037037037036985
0 0.3203125 0.5898148148148148 0.008333333333333349 0.012962962962962937
0 0.32734375 0.5916666666666667 0.0078125 0.012962962962962937
0 0.3434895833333333 0.5703703703703703 0.0078125 0.009259259259259285
0 0.3341145833333333 0.6180555555555556 0.0078125 0.012037037037037063
0 0.35546875 0.6152777777777778 0.006770833333333348 0.008333333333333333
0 0.3653645833333333 0.6120370370370369 0.0057291666666666515 0.011111111111111112
0 0.3653645833333333 0.5837962962962963 0.0057291666666666515 0.010185185185185238
0 0.3747395833333333 0.561574074074074 0.009895833333333348 0.010185185185185238
0 0.3903645833333333 0.6009259259259259 0.0078125 0.007407407407407381
0 0.43984375 0.5921296296296296 0.008854166666666696 0.010185185185185238
0 0.4497395833333333 0.5861111111111111 0.0067708333333333925 0.012962962962962937
0 0.8234375 0.30416666666666664 0.004166666666666608 0.006481481481481468
