0 0.04296875 0.5597222222222222 0.0109375 0.013888888888888888
0 0.09843749999999998 0.6018518518518519 0.005208333333333326 0.011111111111111112
0 0.2098958333333333 0.5902777777777778 0.008333333333333349 0.012037037037037063
0 0.2427083333333333 0.6 0.007291666666666652 0.009259259259259285
0 0.2390625 0.6138888888888889 0.008333333333333349 0.012962962962962937
0 0.25416666666666665 0.6180555555555556 0.007291666666666696 0.013888888888888888
0 0.2591145833333333 0.6 0.006770833333333348 0.009259259259259285
0 0.2791666666666667 0.5791666666666667 0.009375 0.015740740740740715
0 0.2864583333333333 0.5888888888888889 0.008333333333333349 0.012962962962962937
0 0.3005208333333333 0.6180555555555556 0.009375 0.013888888888888888
0 0.32109375 0.6152777777777778 0.006770833333333348 0.010185185185185158
0 0.3328125 0.6134259259259258 0.00625 0.008333333333333333
0 0.35859375 0.5902777777777778 0.0078125 0.010185185185185158
0 0.3341145833333333 0.5574074074074074 0.0078125 0.011111111111111112
0 0.3278645833333333 0.574537037037037 0.006770833333333348 0.013888888888888888
0 0.30963541666666666 0.5638888888888889 0.0078125 0.007407407407407381
0 0.4111979166666666 0.5833333333333334 0.009895833333333303 0.018518518518518493
0 0.4221354166666666 0.5805555555555556 0.005729166666666697 0.012962962962962937
0 0.5153645833333333 0.3106481481481481 0.005729166666666607 0.004629629629629603
