0 0.39166666666666666 0.6157407407407407 0.00625 0.009259259259259207
0 0.4348958333333333 0.6189814814814815 0.00625 0.008333333333333333
0 0.4197916666666666 0.6203703703703703 0.00625 0.007407407407407381
0 0.5015625 0.6037037037037036 0.008333333333333304 0.007407407407407381
0 0.375 0.5958333333333333 0.00625 0.008333333333333333
0 0.44296875 0.6208333333333333 0.003645833333333304 0.006481481481481508
0 0.5130208333333333 0.5847222222222223 0.00625 0.010185185185185158
0 0.3609375 0.6439814814814814 0.004166666666666652 0.006481481481481508
0 0.38229166666666664 0.625 0.0052083333333333036 0.007407407407407381
0 0.39843749999999994 0.6416666666666667 0.0052083333333333036 0.007407407407407381
0 0.4559895833333333 0.6064814814814814 0.0067708333333333925 0.009259259259259285
0 0.46354166666666663 0.5879629629629629 0.00625 0.005555555555555556
0 0.46171875 0.6314814814814814 0.0046875 0.009259259259259285
0 0.22916666666666666 0.6314814814814814 0.007291666666666696 0.011111111111111112
0 0.25807291666666665 0.6435185185185185 0.005729166666666697 0.009259259259259207
0 0.4239583333333333 0.5953703703703703 0.00625 0.011111111111111112
0 0.4234375 0.6060185185185185 0.007291666666666696 0.008333333333333333
0 0.42734375 0.611574074074074 0.0046875 0.006481481481481429
