0 0.0890625 0.3050925925925926 0.002083333333333337 0.002777777777777778
0 0.10052083333333332 0.30601851851851847 0.002083333333333337 0.002777777777777778
0 0.0953125 0.3074074074074074 0.002083333333333337 0.0037037037037036904
0 0.09036458333333333 0.2125 0.002604166666666663 0.006481481481481468
0 0.08671875 0.2967592592592592 0.0015625 0.002777777777777778
0 0.10052083333333332 0.3018518518518518 0.002083333333333337 0.001851851851851865
0 0.09479166666666666 0.29444444444444445 0.002083333333333326 0.001851851851851865
0 0.09348958333333332 0.3 0.0015625 0.0037037037037036904
0 0.0953125 0.29907407407407405 0.002083333333333337 0.0037037037037036904
0 0.09713541666666667 0.30092592592592593 0.002604166666666674 0.0018518518518518255
0 0.09739583333333332 0.30601851851851847 0.002083333333333337 0.002777777777777778
0 0.0984375 0.2935185185185185 0.001041666666666663 0.001851851851851865
0 0.10104166666666665 0.2935185185185185 0.001041666666666674 0.001851851851851865
0 0.09895833333333333 0.2962962962962963 0.001041666666666663 0.001851851851851865
0 0.09973958333333333 0.2875 0.0015625 0.004629629629629642
