0 0.39479166666666665 0.6175925925925926 0.007291666666666696 0.009259259259259285
0 0.42838541666666663 0.6157407407407407 0.008854166666666696 0.012962962962963016
0 0.4036458333333333 0.6143518518518518 0.007291666666666608 0.010185185185185238
0 0.3359375 0.6097222222222223 0.005208333333333348 0.010185185185185158
0 0.34088541666666666 0.6263888888888889 0.0078125 0.010185185185185158
0 0.1546875 0.6013888888888889 0.010416666666666675 0.012037037037037063
0 0.4723958333333333 0.5967592592592592 0.00625 0.008333333333333333
0 0.37604166666666666 0.6180555555555556 0.007291666666666696 0.008333333333333333
0 0.32838541666666665 0.6185185185185185 0.006770833333333304 0.011111111111111112
0 0.3140625 0.5902777777777778 0.007291666666666652 0.012037037037037063
0 0.4109375 0.5898148148148148 0.008333333333333304 0.011111111111111112
0 0.4809895833333333 0.5837962962962963 0.0078125 0.012037037037036985
0 0.3841145833333333 0.575462962962963 0.0078125 0.012037037037036985
0 0.42109375 0.5717592592592592 0.009895833333333303 0.012037037037037063
0 0.3723958333333333 0.5939814814814814 0.007291666666666652 0.008333333333333333
0 0.3265625 0.6314814814814814 0.00625 0.009259259259259285
0 0.18098958333333331 0.6277777777777778 0.006770833333333348 0.009259259259259285
0 0.37421875 0.6037037037037036 0.006770833333333348 0.009259259259259285
