0 0.24479166666666666 0.5740740740740741 0.009375 0.01851851851851857
0 0.21223958333333331 0.5662037037037037 0.011979166666666652 0.010185185185185158
0 0.13098958333333333 0.5949074074074073 0.008854166666666653 0.019444444444444445
0 0.1171875 0.5782407407407407 0.010416666666666675 0.01759259259259254
0 0.12682291666666665 0.5125 0.011979166666666674 0.026851851851851825
0 0.11354166666666665 0.5083333333333333 0.010416666666666675 0.016666666666666666
0 0.1078125 0.524074074074074 0.010416666666666675 0.022222222222222223
0 0.08645833333333333 0.5888888888888889 0.009375 0.012962962962962937
0 0.07161458333333333 0.5648148148148148 0.008854166666666663 0.016666666666666666
0 0.05546875 0.5703703703703703 0.0078125 0.014814814814814841
0 0.04348958333333333 0.5629629629629629 0.011979166666666662 0.016666666666666666
0 0.051041666666666666 0.5305555555555556 0.011458333333333326 0.012962962962962937
0 0.03359375 0.4685185185185185 0.015104166666666669 0.024074074074074126
0 0.005989583333333333 0.5180555555555556 0.011979166666666666 0.015740740740740715
0 0.0171875 0.5648148148148148 0.007291666666666666 0.012962962962962937
0 0.021614583333333333 0.5851851851851851 0.009895833333333335 0.01851851851851857
