0 0.23125 0.5685185185185185 0.009375 0.014814814814814762
0 0.19479166666666664 0.5592592592592592 0.013541666666666674 0.018518518518518493
0 0.11354166666666665 0.5935185185185184 0.010416666666666675 0.012962962962963016
0 0.09973958333333333 0.5685185185185185 0.009895833333333336 0.01851851851851857
0 0.1078125 0.5078703703703703 0.011458333333333326 0.02129629629629627
0 0.09973958333333333 0.5013888888888889 0.01614583333333334 0.019444444444444445
0 0.09166666666666666 0.5273148148148148 0.011458333333333326 0.015740740740740715
0 0.0578125 0.5564814814814815 0.008333333333333337 0.018518518518518493
0 0.07109375 0.5861111111111111 0.009895833333333336 0.018518518518518493
0 0.04036458333333333 0.5768518518518518 0.008854166666666663 0.014814814814814762
0 0.03098958333333333 0.524074074074074 0.0109375 0.01851851851851857
0 0.03125 0.5546296296296296 0.0125 0.016666666666666666
0 0.014322916666666666 0.5680555555555555 0.005729166666666667 0.008333333333333333
0 0.005989583333333334 0.5898148148148148 0.0109375 0.014814814814814841
0 0.008072916666666666 0.46898148148148144 0.015104166666666665 0.026851851851851825
