0 0.05364583333333332 0.1875 0.002083333333333337 0.004629629629629642
0 0.057291666666666664 0.2796296296296296 0.003125 0.0037037037037036904
0 0.05989583333333333 0.28657407407407404 0.002083333333333337 0.004629629629629642
0 0.0671875 0.2879629629629629 0.004166666666666663 0.0037037037037036904
0 0.06927083333333332 0.26805555555555555 0.002083333333333337 0.002777777777777778
0 0.06979166666666667 0.27268518518518514 0.002083333333333326 0.004629629629629642
0 0.06432291666666666 0.2810185185185185 0.002604166666666674 0.002777777777777778
0 0.07109375 0.28564814814814815 0.0015625 0.004629629629629603
0 0.06927083333333332 0.2777777777777778 0.002083333333333337 0.0037037037037036904
0 0.06484375 0.27824074074074073 0.002604166666666663 0.002777777777777778
0 0.06796875 0.2810185185185185 0.002604166666666663 0.002777777777777778
